100
16 0 16 1 12 2 3 3 11 4 18 5 10 6 14 8 17 9 11 11 2 12 18 13 3 17 14 18 2 19 2 20 10 24 18 25 8 26 7 27 13 28 5 29 9 30 13 32 16 34 18 35 1 37 4 39 13 40 1 41 2 42 4 43 17 44 18 45 13 46 9 47 2 48 6 49 18 50 10 51 12 52 9 53 7 54 20 55 15 57 17 58 12 59 6 60 10 62 17 63 15 64 3 65 18 66 7 67 16 68 9 69 19 70 1 71 11 72 15 73 4 74 20 76 12 77 7 78 6 79 15 81 4 82 12 84 18 85 16 86 9 87 11 88 10 89 11 91 5 93 2 94 16 95 4 96 5 97 12 98 11 99 13
65 0 9 1 5 2 14 3 16 4 9 7 8 8 16 9 17 10 3 12 1 13 8 14 7 15 10 16 18 17 15 19 19 20 8 21 14 23 11 24 17 25 13 26 17 27 2 28 16 29 17 30 4 31 19 32 3 33 9 34 1 36 4 37 13 38 16 39 13 40 20 41 5 44 9 45 14 46 19 47 7 50 14 51 5 52 6 53 1 54 7 55 11 56 3 57 7 58 7 59 15 61 5 62 19 63 15 64 4 66 9 67 16 70 11 71 9 72 5 73 5 74 13 75 2 76 7 77 1 78 18 79 18 80 7 81 4 82 12 84 3 85 14 86 12 87 3 88 1 89 14 90 15 92 6 93 18 94 10 95 4 97 16 98 12 99 19
9 0 2 1 11 2 11 3 18 4 4 5 11 6 14 7 1 10 20 11 12 12 14 13 9 14 5 15 3 16 11 17 12 18 13 19 2 20 3 21 20 22 7 23 8 24 6 25 3 26 12 28 12 29 3 30 20 31 15 32 13 33 16 36 15 37 12 38 20 40 8 43 5 44 16 45 2 46 11 47 2 48 4 49 20 50 8 51 15 52 10 53 2 54 9 55 15 56 14 57 11 58 12 59 16 60 6 61 9 62 19 63 4 64 3 65 17 67 6 68 16 69 11 70 7 71 8 72 7 73 12 74 2 75 2 76 1 79 11 80 18 81 15 82 7 83 10 84 2 85 14 88 9 89 18 90 20 91 18 92 14 93 4 94 9 95 13 97 12 98 1
63 0 5 2 11 7 11 8 8 9 4 10 4 11 11 12 9 13 19 14 10 15 10 16 15 17 14 18 5 19 3 20 13 21 10 23 14 24 4 25 18 26 15 27 2 28 12 29 1 30 2 31 7 32 18 33 7 34 14 35 3 36 12 37 13 38 2 39 1 40 3 41 17 42 11 43 15 45 10 47 20 48 18 49 15 50 16 51 15 52 3 53 20 54 16 55 19 56 12 57 4 58 1 59 1 60 16 62 6 64 10 65 15 66 20 67 13 68 18 69 1 70 13 71 7 72 5 73 2 75 20 76 9 77 11 78 14 80 12 81 10 82 19 83 6 84 9 85 8 87 1 88 19 90 5 91 12 92 15 94 4 95 7 97 2 98 11 99 20
35 0 4 1 20 2 1 3 14 4 8 6 5 8 11 10 13 12 8 13 12 14 20 16 1 17 11 18 10 20 9 21 10 22 16 23 16 24 10 25 9 26 1 27 4 28 3 29 14 30 6 31 18 32 11 33 3 34 13 36 3 37 8 38 14 39 1 40 5 42 8 43 19 45 7 46 13 47 19 48 1 49 3 50 7 51 15 52 5 53 5 55 16 56 15 57 12 58 1 59 1 60 17 61 1 63 3 64 7 66 14 67 17 68 19 69 9 70 1 71 18 72 16 73 15 74 7 75 6 76 16 78 19 79 2 80 17 81 2 82 6 83 15 87 9 88 17 89 18 90 2 91 1 92 2 94 1 95 8 96 14 97 8 98 5 99 12
7 0 8 1 9 2 15 3 14 5 13 6 5 8 5 9 1 10 19 11 11 12 7 13 19 14 14 15 5 17 13 18 4 19 2 20 14 21 16 22 8 24 19 26 17 27 12 28 8 29 19 30 18 31 17 32 19 33 4 36 18 37 9 38 16 39 18 40 17 41 4 43 3 44 4 45 18 46 15 47 9 48 2 49 6 50 8 52 6 53 2 54 14 55 10 56 13 57 5 58 15 59 3 60 9 62 7 63 11 64 8 65 8 66 8 67 14 68 8 69 18 70 13 72 20 73 1 74 17 75 16 77 11 78 5 79 5 80 11 81 20 84 5 87 7 88 13 90 3 91 5 92 14 94 7 95 15 96 15 98 4 99 5
25 0 18 1 9 2 8 3 18 4 8 5 4 6 3 8 19 9 3 12 8 13 14 14 20 15 7 16 8 17 19 19 15 20 15 21 13 22 14 23 9 26 19 27 18 29 10 30 19 32 17 33 6 34 4 35 9 36 10 37 1 38 2 39 5 41 18 42 16 45 4 46 3 47 1 48 10 49 18 51 11 52 8 53 17 54 10 55 15 56 5 57 4 59 16 60 20 61 18 62 11 63 18 65 13 67 3 68 14 70 12 71 20 72 15 73 12 74 5 75 10 76 20 77 17 78 15 79 20 80 10 83 12 84 20 85 1 86 9 87 16 88 8 89 4 90 8 91 8 92 4 93 20 94 18 95 4 96 7 97 12 98 18 99 11
22 0 9 1 12 2 19 4 17 7 8 8 10 9 7 10 4 12 8 13 9 14 3 15 6 18 1 19 10 20 5 21 7 23 9 24 15 25 14 26 9 27 4 29 2 30 16 31 13 32 15 33 9 34 7 35 16 36 11 37 17 38 2 39 9 40 8 41 9 43 7 44 15 46 8 47 2 48 4 49 9 51 10 52 8 53 16 54 9 55 12 56 12 57 18 58 5 59 3 61 20 62 9 64 15 66 15 67 9 69 20 70 17 71 11 72 7 73 20 74 9 75 2 76 20 77 12 79 13 80 2 81 1 82 15 83 3 84 1 85 9 86 18 87 14 89 1 90 3 91 16 92 14 93 8 96 19 97 6 98 13 99 18
91 0 20 1 1 2 3 3 18 4 19 5 19 6 13 7 5 8 12 9 18 10 13 11 2 12 17 13 11 14 20 15 19 16 5 17 18 18 2 19 8 21 17 22 16 23 13 24 18 25 8 26 12 27 3 28 4 29 12 31 18 33 3 34 20 35 1 36 8 37 4 38 2 40 15 41 5 42 6 43 5 44 18 45 6 47 17 48 19 49 2 50 12 51 1 52 15 53 5 54 18 55 13 56 18 58 15 59 1 60 15 61 1 62 20 63 12 66 16 67 16 68 10 69 16 70 14 71 20 73 16 75 4 76 15 77 16 78 20 79 6 80 10 81 2 82 7 83 14 84 1 85 19 86 8 87 2 90 8 92 4 93 12 94 8 95 18 96 11 97 19 98 8 99 5
30 1 13 2 11 3 15 4 19 5 6 6 3 7 18 8 8 9 20 10 13 11 15 12 2 13 4 14 9 15 10 16 13 17 11 18 2 20 18 21 18 22 16 23 8 24 18 25 19 26 19 27 19 28 4 29 8 31 3 32 5 33 20 35 6 37 17 38 3 40 15 41 9 42 5 43 11 44 2 45 15 46 1 48 17 49 6 50 12 51 6 52 2 53 3 54 11 56 11 57 2 59 7 60 14 61 10 62 10 63 2 64 19 65 4 67 3 68 19 69 7 70 6 71 13 72 5 73 19 74 6 75 8 76 16 78 10 79 4 80 14 82 18 83 6 84 12 85 6 86 11 87 9 88 8 90 7 92 15 93 9 95 4 97 8 98 13
57 0 2 1 18 2 18 3 11 4 10 5 7 6 16 7 5 8 16 9 11 10 2 11 5 12 12 13 2 15 13 16 17 17 19 18 10 19 9 20 12 22 18 23 12 24 12 25 4 26 6 27 7 28 8 29 12 30 2 32 18 33 8 34 18 35 12 37 9 38 8 39 8 40 12 42 4 44 12 45 17 46 4 47 11 48 9 49 9 50 5 52 7 53 14 54 1 56 6 58 17 59 9 60 1 61 3 62 19 63 4 64 13 65 7 66 3 68 16 69 13 70 8 71 11 72 5 73 5 74 15 75 17 76 8 77 7 78 12 79 14 80 20 81 16 82 12 83 12 84 4 85 8 88 12 89 10 90 5 92 8 93 7 94 20 95 13 96 15 97 1 98 7
84 0 5 1 7 2 16 3 11 4 10 5 4 7 5 9 2 11 10 13 10 14 19 15 10 16 18 17 11 18 11 19 18 20 16 22 1 23 9 24 2 25 20 26 13 28 15 29 8 30 12 31 6 32 19 33 16 34 1 36 13 37 5 38 6 39 13 40 12 42 15 43 9 44 11 45 19 47 1 48 1 49 17 50 14 51 17 52 9 53 7 54 8 56 10 57 4 58 13 60 14 61 15 62 10 63 9 64 3 65 3 66 10 67 17 69 4 70 1 71 5 73 19 74 7 75 12 76 20 77 11 78 5 79 17 80 20 81 15 82 13 83 18 85 14 86 2 87 15 88 7 90 14 91 1 92 13 94 18 95 6 96 14 97 14 98 19 99 16
1 2 11 3 5 4 8 5 8 6 17 7 9 8 19 9 11 10 2 11 20 12 14 13 17 15 18 16 12 17 7 18 13 19 4 21 16 22 12 23 9 24 12 25 9 26 4 27 20 28 15 29 6 30 13 31 20 32 6 33 9 34 2 35 20 37 2 38 6 39 11 40 6 42 16 43 14 45 8 46 9 47 12 48 17 50 7 51 11 53 1 54 15 55 11 56 5 57 18 60 14 61 4 64 6 65 5 67 14 68 17 69 12 70 20 71 12 72 17 73 1 75 16 77 4 78 1 79 5 81 20 82 1 83 20 84 7 85 12 86 3 87 8 88 19 89 8 90 15 91 1 92 19 93 2 94 15 95 7 96 17 98 14 99 2
38 0 10 1 6 2 10 3 2 4 16 5 4 6 14 7 16 8 19 9 20 10 20 11 17 12 4 13 14 14 12 15 14 18 3 19 6 20 8 21 13 22 2 23 9 24 5 25 2 26 11 27 11 29 13 30 3 31 1 32 17 34 11 35 14 36 12 40 14 41 7 42 19 44 2 45 14 46 7 47 20 48 12 49 18 51 14 52 3 53 16 55 16 56 9 57 8 58 10 59 11 60 15 61 3 63 2 64 15 65 16 66 1 67 10 68 11 69 20 70 12 71 4 72 2 73 1 74 11 75 4 76 14 77 4 78 16 79 7 80 1 82 20 83 8 84 6 85 10 86 19 87 13 88 15 89 8 90 17 91 2 92 19 93 5 94 12 96 20 97 12 98 8 99 11
46 0 8 1 9 2 13 3 12 5 13 6 10 7 15 8 7 9 11 10 14 11 3 12 9 13 20 14 10 15 1 16 9 17 15 18 1 19 12 20 15 21 15 22 8 23 14 24 20 25 3 26 14 27 7 28 10 29 16 30 1 31 13 32 6 33 9 34 8 35 13 36 8 37 1 38 7 39 19 40 16 42 15 43 20 45 5 47 20 48 18 49 17 50 4 51 8 52 5 53 6 54 7 55 20 56 8 57 4 58 17 61 19 62 14 64 18 65 19 66 14 68 15 69 6 70 15 71 10 72 11 73 9 74 11 75 19 76 1 78 5 79 18 80 16 82 16 83 12 85 19 86 14 88 7 89 9 90 17 92 11 93 8 94 7 95 13 96 16 97 7 99 16
60 1 14 2 8 3 6 4 16 6 2 7 9 8 15 9 6 12 7 14 15 15 17 16 10 17 15 18 2 19 17 20 12 21 14 23 12 24 16 25 20 27 1 28 13 29 16 30 14 31 13 32 20 33 3 34 15 35 17 36 4 37 6 38 15 39 18 40 16 41 11 42 9 43 17 44 4 45 11 47 3 48 3 49 17 50 13 51 20 52 8 53 8 54 19 56 2 57 1 58 15 59 15 61 18 63 16 64 17 66 9 68 10 69 6 70 10 71 1 73 2 74 2 76 11 77 19 80 14 81 13 82 20 83 15 84 14 85 19 86 8 87 1 88 7 89 17 90 7 91 15 93 14 94 20 95 8 96 3 97 18 98 13 99 1
40 0 12 1 6 2 19 3 4 5 17 6 19 7 17 8 15 9 8 10 6 11 17 12 10 13 12 14 9 15 13 16 1 17 2 18 13 19 14 20 6 21 17 22 8 23 6 24 5 26 11 27 2 28 19 30 15 31 15 32 2 33 6 34 10 35 5 36 20 37 11 38 14 39 10 41 7 42 1 43 5 44 6 45 9 46 16 47 4 48 15 50 16 51 11 52 13 53 19 54 18 55 15 56 3 57 12 58 1 59 16 60 16 61 8 62 7 63 3 64 7 65 20 66 3 67 7 68 16 69 6 70 17 71 13 72 8 73 18 74 17 75 4 76 14 77 11 78 14 80 3 81 18 82 14 84 12 85 13 88 3 89 9 90 15 91 15 92 20 93 14 94 7 95 2 96 2 97 17 99 8
73 0 14 1 1 2 19 3 7 5 2 7 1 8 5 9 12 10 14 12 9 13 4 14 20 15 16 16 4 17 10 18 15 20 4 21 7 22 20 23 4 24 4 25 12 26 7 27 11 28 17 29 4 30 19 31 17 32 3 33 18 34 5 35 15 37 14 38 1 39 13 40 18 41 9 42 12 43 4 44 13 45 10 46 9 47 5 48 16 49 2 52 12 53 3 54 7 56 5 57 5 58 2 59 14 60 2 61 13 63 2 65 5 66 3 67 3 70 19 71 14 72 17 74 14 75 8 76 8 78 1 79 6 80 17 81 20 82 16 83 10 84 19 85 12 86 3 87 4 88 2 89 19 90 10 91 16 93 7 94 11 95 16 97 7 98 5 99 9
79 0 2 1 5 2 15 3 2 4 16 5 16 6 12 7 5 8 7 9 11 10 14 11 15 13 7 14 3 15 12 16 15 17 19 18 13 19 13 20 2 21 12 22 13 23 14 24 16 25 20 26 5 27 1 29 2 30 4 31 2 32 2 33 4 34 11 35 2 36 8 37 5 38 7 39 14 41 15 42 8 43 11 44 7 46 18 47 13 48 6 49 14 50 11 52 18 53 10 54 9 55 1 57 14 58 18 59 9 61 20 62 10 64 12 65 18 66 19 67 8 68 20 69 16 70 16 71 19 72 19 73 6 74 2 76 17 77 19 78 12 80 19 81 2 82 6 83 7 84 17 86 10 87 10 88 19 89 1 91 6 92 16 93 11 95 1 96 4 97 4 98 8 99 4
72 1 17 2 10 3 1 4 4 6 6 7 20 8 3 9 7 10 1 11 7 12 7 13 6 14 15 15 10 16 15 17 1 18 20 20 16 21 14 22 7 24 6 25 15 26 11 27 13 28 19 29 20 30 5 31 9 32 2 34 20 35 16 36 15 37 13 38 2 39 5 40 8 41 8 42 2 43 14 44 5 45 18 46 11 47 14 48 4 49 19 50 20 51 6 52 16 53 13 54 19 55 20 56 13 57 5 58 13 59 1 61 5 62 11 63 5 64 18 65 5 66 7 67 6 68 18 69 1 71 14 73 17 74 2 76 17 78 10 79 19 80 5 81 15 83 7 85 12 86 1 87 19 88 4 89 10 90 17 92 20 93 6 94 10 95 1 98 13 99 12
69 0 9 1 12 2 19 4 15 5 7 6 12 7 18 8 15 9 11 10 17 12 6 13 19 14 9 15 9 16 19 17 2 18 20 19 7 20 13 21 8 22 20 23 6 26 19 27 2 28 14 29 8 30 7 31 13 32 16 33 8 34 8 35 9 36 1 37 2 38 20 39 16 40 6 41 7 42 4 43 16 44 18 45 7 46 6 47 9 48 8 50 8 52 3 53 11 54 11 56 9 57 13 59 12 60 6 62 13 63 1 64 4 66 19 72 1 74 1 75 2 76 1 77 15 78 12 79 16 80 9 83 12 84 4 85 15 86 1 87 18 88 13 89 10 90 12 91 16 92 11 93 8 94 2 96 7 97 9 98 1 99 6
67 0 17 1 14 2 20 3 15 4 4 5 17 6 6 7 14 8 17 9 6 10 9 11 13 12 3 14 6 15 4 16 16 18 11 19 9 20 6 21 1 22 9 23 12 25 3 26 12 27 15 29 7 30 3 31 7 32 13 33 2 34 2 35 17 37 9 38 10 40 7 42 5 43 12 44 1 47 9 48 15 49 8 50 16 51 8 52 5 54 2 55 12 56 10 58 5 61 13 62 20 63 13 65 16 66 13 68 5 70 8 71 6 72 6 73 3 74 3 75 12 76 12 77 11 78 4 79 8 80 11 81 3 82 3 83 19 84 17 85 19 86 8 87 11 88 15 89 13 90 11 91 16 92 7 93 9 94 9 95 3 96 4 97 13 98 8 99 16
13 0 2 1 17 2 7 3 3 4 7 5 3 6 5 7 19 8 16 9 9 10 12 11 8 12 3 14 18 15 1 16 3 17 8 19 1 20 17 21 12 22 9 23 15 24 20 25 14 26 19 28 2 29 3 30 4 31 10 32 13 33 20 34 12 35 12 36 17 37 10 38 14 39 9 40 12 41 1 42 14 43 2 44 4 45 13 46 20 47 15 48 4 49 6 50 12 51 10 52 18 53 19 54 2 55 7 56 13 57 2 58 4 59 9 61 6 63 19 64 20 65 8 66 16 68 11 69 19 70 14 72 6 73 4 74 16 75 10 76 20 77 9 78 13 79 7 81 16 82 8 84 10 85 4 87 17 89 20 90 10 91 11 93 11 95 1 96 15 97 15 99 2
45 0 16 1 8 2 16 5 6 6 8 7 18 8 7 9 2 11 9 12 16 13 13 14 11 15 8 16 13 17 5 18 18 19 15 20 17 23 3 25 4 26 18 28 5 29 9 30 15 31 8 32 7 33 14 34 20 35 7 37 3 38 14 39 4 40 9 41 15 42 2 43 2 44 2 46 5 47 2 48 20 50 5 51 9 52 16 53 6 54 9 55 6 56 11 57 17 58 17 60 11 61 13 62 19 63 10 64 1 65 14 66 13 68 20 69 7 72 18 73 10 75 7 76 19 77 16 78 1 80 18 81 16 82 11 83 16 84 19 85 16 86 6 87 3 88 16 90 1 91 6 92 3 93 10 94 2 96 14 97 19 99 17
5 0 16 1 8 2 20 3 7 4 9 6 16 7 13 8 16 9 11 12 9 13 3 14 2 15 19 16 10 17 10 18 12 19 17 20 5 21 16 23 20 24 3 25 4 27 11 28 20 29 16 30 6 31 3 32 20 33 13 34 4 37 3 38 4 39 12 40 17 41 16 42 8 43 17 44 19 45 6 46 13 47 19 48 6 49 9 50 9 53 4 54 6 55 16 56 1 57 7 58 4 59 16 61 9 62 13 64 16 66 8 67 17 68 3 69 7 70 7 71 13 73 2 74 4 76 2 77 1 79 16 80 7 81 9 82 10 84 4 85 10 86 11 87 1 88 18 89 8 90 3 91 19 92 9 93 1 94 9 95 15 96 1 98 20 99 19
96 1 17 2 10 3 11 4 8 5 1 6 20 7 15 8 9 10 19 11 5 12 9 13 15 14 9 16 5 17 8 18 8 19 7 20 19 21 5 22 19 23 8 24 5 25 7 26 3 27 16 28 6 29 8 32 20 33 14 34 4 35 14 36 4 37 20 38 20 39 16 40 2 41 20 42 17 43 15 44 10 45 14 46 16 47 4 48 16 49 13 50 9 51 13 52 12 53 19 54 8 55 18 57 15 58 13 59 12 60 3 61 18 62 5 64 12 66 5 67 4 68 3 69 7 70 18 71 18 75 16 76 14 77 11 78 3 79 4 80 2 81 9 83 14 84 14 85 17 86 9 87 7 89 4 90 11 91 11 93 8 94 15 95 18 97 9 98 6 99 2
76 0 10 2 17 3 13 4 4 5 2 6 9 8 13 9 1 10 8 12 1 13 20 14 10 15 12 16 12 18 3 19 16 20 8 21 6 22 20 23 16 24 4 25 20 26 12 27 17 28 16 29 3 30 16 32 17 33 15 34 3 35 16 36 6 37 13 38 14 39 1 40 14 41 16 42 15 43 19 44 7 45 19 46 1 47 12 48 13 49 19 50 9 51 19 52 18 53 12 55 13 57 8 58 18 59 11 60 11 62 3 63 9 65 7 66 13 67 12 68 13 69 1 70 1 71 12 72 17 73 8 74 10 77 11 78 12 79 17 80 11 81 19 83 4 84 20 85 19 86 6 87 19 88 20 90 14 91 15 92 11 94 20 95 10 96 14 97 14 98 5
51 0 16 1 11 2 18 3 9 4 11 6 12 8 2 9 15 10 4 11 1 12 7 13 10 14 2 15 14 16 12 17 5 18 5 19 8 21 5 22 10 24 4 25 11 26 9 27 13 28 5 29 18 30 6 31 10 32 18 33 9 35 15 36 10 37 17 38 14 39 16 40 11 41 1 42 19 43 13 44 2 45 9 46 8 47 2 48 5 49 6 50 8 52 17 53 14 54 10 55 9 58 13 59 18 60 20 61 11 62 3 63 15 64 1 65 5 66 12 67 8 68 16 70 7 71 4 72 6 74 11 75 1 76 19 77 18 78 12 80 20 81 11 82 7 83 12 84 17 85 3 86 4 87 13 89 2 90 12 91 1 92 10 93 10 94 9 95 13 96 13 97 12 98 16 99 15
47 0 6 1 12 2 20 3 6 4 1 5 19 6 19 7 9 8 10 9 2 10 20 11 18 12 5 13 15 14 8 15 8 16 2 17 2 18 3 19 12 20 14 21 12 22 2 23 20 24 9 25 1 27 18 28 20 29 5 31 13 32 1 33 6 34 6 35 19 36 13 37 12 38 20 39 8 40 4 41 13 42 7 43 9 45 2 46 20 48 11 49 17 50 13 51 2 52 14 54 19 56 6 57 11 58 14 59 16 60 3 61 20 62 18 63 20 64 18 65 7 66 9 67 9 68 9 69 9 70 16 72 14 73 5 74 10 75 8 76 12 77 14 78 1 79 13 80 6 81 1 82 18 83 1 84 1 85 5 86 18 88 6 89 10 90 13 91 17 92 4 93 14 94 13 95 2 96 4 97 6 98 11
54 0 1 1 15 2 20 3 19 4 1 5 6 6 13 7 14 8 6 9 9 10 1 11 12 12 4 13 2 14 8 16 20 17 11 18 13 19 18 20 2 21 15 22 9 23 9 24 7 25 10 26 17 27 13 28 11 30 11 31 19 33 20 37 15 39 8 40 18 41 10 42 16 43 20 44 14 45 9 46 7 47 19 49 10 50 10 51 10 53 11 55 11 56 14 57 1 59 6 60 19 61 20 62 17 63 16 65 7 66 11 67 2 68 2 69 11 70 11 71 3 72 19 73 7 74 2 75 4 77 10 78 5 79 9 80 14 81 7 82 15 83 3 84 8 85 18 86 8 87 9 88 16 89 9 90 3 91 18 93 14 95 18 96 8 97 20 98 17 99 8
88 0 16 1 19 2 7 5 18 6 7 7 13 8 9 9 9 10 19 11 19 12 15 14 19 15 1 16 10 17 12 18 2 19 12 20 5 21 13 23 9 25 8 26 19 27 20 28 20 29 7 30 8 31 3 32 9 33 10 34 5 35 17 36 10 37 10 38 15 39 8 40 3 41 15 42 6 43 7 45 16 46 7 47 6 49 2 50 16 52 5 53 4 54 16 57 12 58 13 59 15 60 7 61 12 63 19 64 16 65 1 66 11 67 15 68 10 69 13 70 1 72 4 73 2 74 17 76 20 77 8 78 1 79 19 80 6 81 12 82 2 83 8 84 7 85 4 86 10 87 6 89 5 90 1 92 15 93 3 94 6 95 20 97 11 98 12 99 1
11 0 9 1 20 2 11 3 10 6 5 7 11 8 9 9 12 10 5 12 18 13 8 14 4 15 14 16 2 17 12 18 6 19 8 20 15 23 5 24 19 26 10 27 7 28 2 29 9 30 15 31 19 33 16 34 5 36 17 38 17 39 9 40 17 41 4 42 18 43 14 44 8 45 9 46 3 47 18 48 17 49 3 50 2 51 1 52 6 53 20 54 12 55 6 56 11 57 5 58 17 59 15 61 1 62 7 63 11 64 12 66 3 67 13 68 18 70 17 71 7 72 7 77 1 78 5 79 15 80 4 81 2 82 7 83 4 84 10 85 11 86 18 87 17 88 19 89 18 90 11 91 2 93 6 94 9 95 9 96 5 97 10 98 18
90 0 10 1 15 2 17 3 20 4 14 5 3 6 7 7 3 8 8 9 20 10 7 11 11 12 15 13 10 14 16 15 6 17 3 18 9 19 9 20 17 21 4 22 3 23 16 24 16 25 8 26 9 27 18 28 6 29 3 30 7 32 10 33 19 34 11 35 2 36 14 37 16 38 17 39 14 40 15 41 3 42 19 43 16 44 9 45 1 46 17 47 13 48 14 49 19 50 15 51 12 53 17 54 3 55 3 57 5 58 5 60 7 62 11 63 5 64 3 65 15 66 4 67 11 68 5 69 12 72 17 73 10 74 15 75 11 76 14 77 7 78 8 80 7 81 12 82 20 83 20 84 14 85 2 86 3 87 12 88 1 89 18 91 8 92 14 93 10 94 10 96 11 99 8
8 0 6 1 19 2 13 3 7 5 16 6 13 7 5 10 8 11 9 12 14 13 16 14 1 15 8 16 17 18 20 19 8 20 10 21 1 22 10 23 5 24 10 25 19 26 6 27 10 28 20 29 4 30 8 31 3 34 5 35 11 36 11 37 9 38 19 39 11 40 15 41 11 42 1 43 4 44 10 45 7 46 7 47 10 48 6 50 3 51 2 52 7 53 13 54 6 55 17 56 4 57 16 59 1 60 15 61 12 62 1 63 8 64 17 65 16 66 13 67 17 68 8 69 15 70 6 72 3 73 5 74 16 75 14 76 13 78 9 79 7 80 9 81 16 82 12 83 2 86 17 87 16 88 9 89 17 90 8 91 12 92 19 93 17 94 6 95 4 96 9 97 1 98 10
4 0 11 1 8 2 19 3 8 5 9 6 7 9 4 10 10 12 12 13 7 14 8 16 18 17 4 18 13 21 9 22 17 23 20 24 3 25 8 27 4 28 20 29 16 30 19 32 3 35 8 36 2 37 13 38 16 39 9 42 8 43 5 44 14 47 1 48 14 49 19 51 11 52 9 53 17 54 1 57 10 58 14 59 9 60 16 61 11 62 5 64 7 65 9 66 9 67 4 68 8 69 15 70 13 72 4 74 9 75 9 76 4 77 8 78 2 79 16 80 6 81 5 82 14 83 18 84 10 85 19 86 3 89 6 90 14 91 19 92 7 93 7 95 9 96 8 97 17 98 6 99 15
28 1 15 2 6 3 8 4 20 5 20 6 16 7 8 8 20 9 12 10 13 11 2 12 20 13 2 14 18 15 4 16 5 17 7 19 14 20 10 23 13 24 9 26 16 27 6 30 4 31 2 32 2 33 11 34 5 35 3 37 4 39 18 40 19 41 8 42 15 43 8 44 6 45 5 46 10 47 20 48 10 50 16 51 5 53 20 54 11 55 3 56 15 57 8 58 9 60 13 61 16 62 15 63 12 64 5 65 16 66 3 68 4 69 14 71 1 72 19 73 17 74 3 75 1 76 16 77 3 78 2 80 1 81 17 82 6 84 15 85 9 87 1 88 20 89 15 90 6 91 4 94 15 95 12 96 6 97 14 98 11 99 11
70 0 16 1 20 2 12 3 2 4 13 5 7 6 7 7 13 8 6 9 7 11 17 12 1 13 14 14 19 15 18 16 1 17 7 18 16 19 8 20 4 21 13 22 17 23 9 24 17 25 12 26 6 27 9 29 16 30 6 31 20 32 14 34 11 35 1 36 3 37 10 38 12 39 16 40 17 41 12 42 1 44 20 46 15 47 16 48 5 49 3 50 16 51 7 52 8 53 7 54 11 55 10 56 8 57 8 58 12 59 11 60 10 61 16 62 3 63 13 64 14 65 11 67 8 68 12 73 19 75 6 76 1 77 18 78 3 79 16 80 2 81 9 82 18 83 15 84 1 85 2 87 16 88 1 91 14 92 4 93 7 94 5 95 1 96 18 97 8 98 7 99 14
66 0 2 2 4 3 20 4 9 5 8 7 8 8 13 10 8 11 3 12 18 13 16 14 8 15 5 16 7 17 12 18 15 19 18 20 17 21 17 22 15 23 16 24 8 26 12 27 4 28 3 29 16 31 19 32 2 33 17 34 4 35 14 36 2 37 20 38 1 39 11 40 3 41 11 42 1 43 8 44 15 45 13 46 14 47 9 49 9 50 14 51 12 54 11 55 11 56 19 57 3 58 3 59 16 60 9 61 15 62 15 63 20 64 8 65 9 67 13 68 5 69 19 71 16 72 7 73 3 74 5 75 18 76 13 77 18 78 2 79 19 80 3 82 14 83 20 84 10 88 11 89 19 90 4 91 16 92 18 93 2 94 4 96 5 97 11
71 0 2 1 12 2 20 3 3 5 13 6 13 9 8 11 7 12 18 14 4 15 10 16 11 18 9 19 3 20 4 21 1 22 11 23 13 24 5 25 20 26 16 27 11 28 1 29 2 30 13 31 10 33 20 34 19 35 18 36 4 38 4 40 13 41 19 42 13 43 9 44 15 46 10 49 18 50 3 51 4 52 7 53 5 54 3 55 11 56 18 57 11 58 8 59 17 60 1 61 6 63 7 65 9 66 16 67 6 68 20 72 14 73 14 74 18 75 15 76 12 77 3 78 3 79 19 80 1 81 13 82 2 83 7 84 5 86 16 87 9 89 2 91 20 93 7 94 12 95 2 96 18 98 20 99 11
99 0 10 1 2 2 1 3 6 4 15 5 19 6 15 7 5 12 14 13 2 14 12 15 4 16 13 17 11 18 9 19 15 20 12 21 5 22 18 23 10 25 11 26 17 27 5 28 11 32 14 34 13 35 12 36 6 37 14 38 11 40 8 41 5 42 7 43 9 44 13 45 17 46 16 48 12 49 4 51 15 52 19 53 15 54 8 55 16 56 1 58 7 59 7 60 1 61 3 62 7 63 20 64 11 65 19 67 16 68 14 69 6 70 14 71 11 72 12 73 9 74 8 75 5 77 16 78 18 79 4 80 2 81 8 82 15 83 8 84 16 85 14 86 14 87 13 88 1 89 5 90 8 91 5 93 4 94 5 95 8 96 2 97 3 98 6
24 0 15 1 12 2 17 3 5 4 3 5 3 6 7 7 19 8 10 9 6 10 7 11 19 13 20 14 4 15 8 16 18 19 5 22 15 23 11 27 7 28 9 29 4 30 18 31 19 32 17 33 7 34 2 35 10 36 7 38 5 39 8 40 5 42 10 43 11 44 14 46 20 47 9 49 4 50 18 51 4 52 5 54 7 55 14 57 12 58 7 59 16 60 16 62 18 63 4 64 16 65 17 66 8 68 1 70 17 71 5 72 6 73 4 75 20 76 4 78 20 79 16 80 1 81 15 82 9 83 15 84 2 85 7 86 2 87 9 89 15 90 16 91 18 93 2 94 7 95 2 96 5 97 1
23 0 15 1 9 3 11 4 20 5 20 6 3 8 5 9 8 11 5 12 1 13 15 14 13 15 12 18 17 19 4 20 18 21 17 22 9 24 11 25 9 26 6 27 5 28 13 29 14 30 8 31 12 32 15 33 6 34 8 35 16 36 12 37 13 38 9 39 8 40 6 41 17 43 1 44 14 45 3 46 14 47 20 48 5 49 18 50 13 52 13 53 10 54 9 55 5 56 8 57 12 58 14 59 13 60 12 61 17 62 14 63 14 64 15 65 11 66 16 67 12 68 17 69 6 70 9 71 13 73 4 74 7 75 7 76 16 77 4 78 17 79 14 81 16 82 13 83 5 84 9 86 5 88 9 89 13 90 16 91 13 92 6 93 8 94 4 95 4 96 8 99 10
74 0 13 2 8 4 9 5 4 6 16 7 17 8 16 9 2 10 4 12 15 13 16 14 20 15 14 16 20 18 9 19 8 20 10 22 9 23 7 25 5 26 12 27 13 28 3 29 9 30 6 31 2 32 7 33 19 34 9 35 7 36 19 37 17 38 11 39 8 40 17 41 16 42 12 43 6 44 11 46 11 47 10 48 3 49 9 50 9 51 11 52 3 53 5 54 2 55 16 56 9 57 15 58 16 59 8 60 2 61 13 62 2 64 1 65 13 66 5 67 3 68 7 69 1 71 18 72 2 73 14 76 10 77 16 78 16 79 2 80 14 81 20 82 11 83 18 84 7 85 3 86 18 87 1 88 17 89 8 90 15 92 15 93 18 94 18 95 6 97 6 99 8
86 0 8 1 3 2 10 3 6 4 3 5 11 6 8 8 17 10 10 11 18 14 14 15 12 16 9 17 17 18 14 19 11 20 10 21 1 22 18 23 5 24 2 25 9 26 3 27 16 29 16 30 11 31 16 32 11 33 1 34 18 36 19 37 6 38 19 39 14 42 4 43 20 44 4 45 6 46 14 47 18 48 10 49 1 50 8 51 4 53 3 54 8 55 14 56 14 58 3 60 8 61 9 62 2 64 8 65 12 67 8 69 1 71 16 72 1 73 3 74 18 75 3 76 6 77 19 78 16 79 10 80 7 81 14 82 7 83 18 84 2 85 17 87 10 88 10 89 18 90 3 91 8 92 7 93 15 94 7 95 15 96 9 97 12 98 2 99 14
81 0 8 1 20 3 13 4 5 5 9 7 20 8 16 9 15 10 10 11 2 12 15 13 16 15 1 16 4 17 17 19 7 20 11 21 10 22 1 23 16 24 15 27 12 28 17 29 15 31 20 32 17 33 12 34 12 35 2 36 5 37 20 39 13 40 18 41 10 42 17 43 5 44 20 45 16 47 1 48 3 49 6 51 11 52 13 54 7 55 2 56 14 57 16 59 15 60 13 61 15 62 7 63 10 64 7 65 4 67 3 68 16 70 9 71 13 72 15 73 20 74 20 76 19 77 6 78 5 79 2 80 7 82 10 83 9 84 15 85 11 86 14 87 9 88 12 89 12 90 12 91 2 92 4 93 17 95 10 96 9 97 20 98 4 99 8
17 0 6 1 7 2 10 3 11 4 4 5 10 6 1 7 13 9 12 10 10 11 12 12 4 13 8 15 15 16 14 18 13 19 14 20 20 25 19 26 2 28 7 29 9 30 11 31 2 32 10 33 16 34 10 35 11 36 5 37 5 39 11 40 2 41 16 42 1 43 11 44 5 45 5 46 15 47 2 49 15 51 5 52 18 53 20 54 11 55 16 56 15 57 19 58 19 59 19 60 15 61 9 62 13 63 14 64 11 65 15 66 12 68 12 69 2 70 7 72 1 73 10 75 19 79 19 80 9 81 17 82 7 83 18 84 11 85 17 86 17 87 7 88 12 89 19 90 3 91 18 92 7 94 13 95 2 96 8 97 7 98 11 99 11
3 0 20 1 5 2 3 4 8 5 7 6 4 7 14 8 7 9 18 11 10 12 10 13 3 14 3 15 4 16 11 17 11 18 15 19 17 21 6 23 11 24 5 25 18 26 10 27 5 28 8 29 20 30 15 31 10 32 12 33 2 35 14 36 14 37 5 38 2 39 15 40 4 41 19 42 1 46 12 47 6 48 15 49 16 50 9 51 9 52 8 53 12 54 19 55 16 56 6 57 11 58 13 60 6 62 19 65 16 66 20 67 15 68 19 70 2 71 3 72 1 73 7 75 17 76 13 78 10 79 2 81 13 83 7 84 11 85 19 86 6 87 16 90 20 91 18 93 1 94 13 95 19 96 11 97 10 98 13 99 6
61 0 2 1 4 2 3 4 11 5 9 6 16 8 12 9 9 10 20 11 1 12 8 13 6 14 16 15 20 17 9 18 12 19 2 20 1 21 9 22 20 23 17 25 18 26 9 28 16 29 2 30 10 32 7 33 16 34 16 35 1 36 14 37 13 38 3 40 8 41 11 42 8 43 4 45 13 46 19 47 20 48 10 49 19 50 5 51 11 52 12 53 16 54 20 55 7 57 3 58 14 59 10 60 18 62 14 64 1 65 5 66 15 67 13 70 16 71 6 72 5 73 13 74 13 77 16 78 16 79 20 80 8 81 15 82 15 83 11 84 15 85 16 86 9 87 13 88 12 89 13 91 1 92 5 93 10 94 18 95 10 96 18 97 1 98 20 99 3
56 0 20 1 5 2 9 3 6 5 1 6 17 7 13 8 4 9 14 10 9 11 11 12 1 13 13 14 18 15 2 17 15 18 13 19 5 21 2 22 12 23 8 25 5 26 8 27 6 28 15 29 18 30 11 31 16 32 18 33 14 34 12 35 15 36 5 38 9 39 16 40 3 42 10 43 18 44 1 45 11 46 8 47 6 48 13 49 10 50 1 52 19 53 7 54 14 55 19 57 6 58 10 59 15 60 2 63 12 64 3 65 3 66 19 67 10 69 9 70 8 71 18 72 13 73 5 74 9 78 9 80 6 81 14 82 11 83 10 84 10 85 12 86 14 87 4 89 15 91 18 92 10 94 8 95 18 97 13 98 1 99 1
14 0 12 2 8 3 3 4 8 5 2 6 4 7 14 8 1 9 5 11 4 12 5 13 18 15 19 18 3 19 6 20 13 22 3 23 13 24 4 25 20 26 19 27 11 28 18 29 5 30 9 31 9 32 18 33 10 34 14 35 20 36 5 37 8 38 12 39 12 40 9 41 8 42 9 44 19 45 11 46 10 47 8 48 7 49 11 50 10 51 2 52 4 53 5 54 8 55 20 56 18 60 15 61 16 63 10 64 18 65 7 66 8 67 6 68 10 69 9 70 19 71 4 72 15 73 20 74 20 75 12 76 10 78 6 79 3 80 5 83 10 84 19 85 18 86 14 87 14 88 19 89 7 90 16 91 20 92 9 93 20 94 5 95 20 96 9 97 2 98 15 99 12
6 0 16 1 17 2 7 3 4 4 7 5 16 7 5 8 13 9 14 10 19 11 5 12 15 13 5 14 4 15 14 16 14 17 1 18 17 21 18 23 3 24 7 25 3 26 19 27 14 28 16 29 20 30 3 32 7 33 19 34 16 35 5 36 12 37 14 38 14 39 10 40 19 41 10 42 14 43 3 45 8 46 10 47 19 48 3 49 5 50 18 51 12 52 7 53 20 54 13 56 17 57 16 58 14 59 9 60 2 61 16 62 4 64 12 67 6 69 12 70 7 71 13 72 6 74 16 75 16 76 9 77 7 78 12 79 12 80 19 82 9 83 7 86 8 87 6 88 7 89 13 90 7 91 13 93 11 94 7 96 20 97 9 98 7 99 15
85 1 12 2 5 3 19 4 19 5 10 9 14 10 20 11 11 12 17 13 4 14 18 15 9 16 16 17 17 18 2 19 7 20 18 21 10 22 9 24 7 25 1 26 19 27 10 28 9 29 5 30 6 31 20 32 1 33 8 34 4 36 5 38 10 39 17 40 13 41 17 42 14 43 5 44 8 45 16 46 19 47 5 48 18 50 15 51 3 53 7 54 18 55 7 56 12 57 8 58 6 59 8 60 19 61 16 62 4 63 8 64 15 65 14 67 19 68 5 69 15 70 2 72 12 73 12 74 3 75 2 76 19 77 11 78 3 80 14 81 11 82 19 83 3 84 14 86 17 87 1 88 4 90 2 91 19 93 11 94 13 95 20 96 17 97 10 98 17 99 14
94 0 1 1 15 2 17 3 13 5 9 6 7 7 7 8 6 9 9 11 9 12 13 14 5 15 3 16 16 17 13 19 14 20 12 21 7 23 4 24 7 25 18 26 15 28 15 29 12 31 9 32 20 33 19 34 1 35 1 37 16 38 12 39 14 40 7 41 15 42 9 43 12 44 18 45 2 46 7 47 13 49 4 50 2 51 9 52 3 55 17 56 8 57 20 58 12 59 14 60 20 61 18 62 14 63 4 65 10 66 4 67 9 68 5 69 2 70 5 71 12 72 10 73 11 74 18 75 4 76 20 77 15 78 7 80 18 82 7 83 18 84 18 85 13 86 7 87 9 88 6 89 19 90 10 91 8 92 11 93 8 95 18 96 15 97 11 98 8 99 5
83 0 8 1 20 3 7 4 18 6 7 8 2 9 10 10 3 11 4 12 18 14 10 15 18 17 18 18 12 19 16 20 17 21 5 22 3 23 5 24 15 25 12 26 14 27 5 29 10 30 6 31 20 32 4 33 6 34 6 35 15 36 10 37 11 38 8 39 16 41 18 42 6 43 18 44 20 45 16 46 12 47 1 48 15 49 5 50 13 51 12 52 13 53 6 54 3 56 10 57 12 58 12 59 9 60 15 61 11 62 16 63 6 64 19 66 20 67 19 69 12 70 15 71 7 72 7 73 10 74 18 76 4 77 7 78 13 79 7 81 9 82 9 84 18 85 3 86 18 88 8 90 20 91 14 92 8 93 17 94 18 95 11 96 14 97 12 98 11 99 8
68 0 11 1 17 2 2 3 19 4 8 5 3 7 8 8 8 9 16 10 15 11 18 13 11 14 10 15 4 16 9 17 12 18 1 19 19 21 3 23 17 24 1 25 14 26 18 27 12 28 4 29 14 30 19 31 7 32 5 33 9 34 18 35 19 36 20 37 13 38 11 40 16 42 18 43 20 44 11 45 20 46 15 47 9 48 17 49 15 50 5 51 16 52 1 54 2 55 2 57 16 58 2 59 11 60 10 62 6 63 18 64 11 66 5 67 5 70 12 71 20 72 18 74 7 75 6 76 13 77 9 78 4 79 20 81 16 82 1 85 5 87 9 88 10 89 14 90 5 91 10 92 20 93 6 94 5 95 11 96 3 98 15 99 14
95 0 13 1 7 2 14 3 19 4 9 5 15 7 15 8 4 9 13 10 15 11 9 12 11 13 1 14 20 15 3 16 4 17 2 18 8 19 4 20 3 21 17 23 4 24 2 25 4 26 4 28 12 29 20 30 4 31 7 32 2 33 9 35 8 36 19 39 19 40 2 41 3 42 18 43 8 46 13 47 2 48 1 49 5 50 14 51 13 52 19 53 10 54 18 55 13 56 18 57 13 58 9 60 8 61 10 62 15 63 7 64 18 65 4 67 3 68 11 70 1 71 2 72 1 73 16 74 6 75 12 76 10 77 13 78 2 79 1 80 13 81 10 82 8 83 11 84 6 85 20 86 15 87 11 88 20 89 16 91 18 92 14 93 14 94 18 96 18 97 18 98 4 99 8
50 1 7 2 12 3 9 5 9 6 18 7 8 8 3 9 8 10 2 11 2 13 12 14 10 15 13 16 10 18 10 20 10 23 13 24 18 26 14 27 7 28 16 29 6 30 12 31 8 33 8 35 7 36 19 37 13 40 16 41 2 42 20 43 15 44 7 45 5 46 4 47 13 48 2 51 8 52 13 53 14 54 10 55 19 56 1 57 5 58 8 59 11 60 13 61 5 62 6 63 16 64 18 65 14 66 14 67 16 68 5 69 8 70 16 71 3 72 20 74 9 75 19 76 9 77 12 78 11 79 11 80 11 82 12 83 13 84 14 85 15 86 8 87 6 88 16 89 19 90 15 91 12 92 7 93 6 94 2 95 14 96 9 97 17 98 17
37 0 9 1 2 2 18 3 5 4 13 5 3 6 14 7 9 8 9 9 12 10 12 12 14 13 10 14 8 15 17 16 4 17 5 18 9 21 1 22 17 23 13 25 1 26 13 28 4 29 19 30 17 31 4 32 13 33 16 34 18 35 8 36 4 39 19 40 11 41 11 42 1 43 9 44 5 45 3 46 1 47 12 48 13 49 20 50 13 51 17 52 1 53 16 54 15 55 14 57 9 58 1 59 13 60 6 61 13 62 18 63 13 64 18 65 13 66 20 67 9 68 13 69 2 70 10 72 13 73 14 74 17 75 17 76 13 77 5 78 3 79 5 81 20 82 17 83 11 84 5 86 6 87 7 88 10 89 20 90 16 91 4 92 12 93 9 94 16 96 20 97 2 99 14
0 2 4 3 20 4 11 5 16 6 16 7 8 8 6 9 2 10 6 11 9 12 2 13 2 14 12 15 12 16 16 17 6 18 18 19 10 20 3 21 9 22 9 23 15 24 15 25 18 26 20 27 6 29 2 31 8 34 17 35 4 36 17 37 9 38 10 39 11 40 12 43 20 44 18 45 16 46 8 47 6 48 12 49 6 51 16 52 12 53 7 54 1 56 20 57 2 58 8 59 3 61 2 62 8 63 5 64 13 65 9 66 2 67 17 68 11 69 9 70 16 71 2 73 14 74 13 75 8 76 10 77 1 79 2 80 18 81 8 82 18 83 8 84 5 86 8 87 18 88 16 90 10 91 20 92 14 93 11 94 1 95 13 97 4 98 7 99 10
77 0 1 1 4 2 6 4 8 5 1 6 7 7 11 10 7 11 1 12 20 13 9 15 19 16 7 18 3 19 17 20 4 21 5 22 12 23 4 25 17 26 11 28 3 32 16 33 16 34 12 36 19 37 5 38 4 40 11 41 6 42 8 43 8 44 6 45 16 47 14 48 13 49 6 50 12 51 18 52 9 53 12 54 10 55 17 57 7 58 3 59 4 60 19 61 16 62 6 63 11 64 18 65 1 66 18 67 11 68 9 69 15 70 18 71 3 74 16 75 6 76 11 78 6 79 19 80 15 81 6 82 16 83 7 84 11 85 11 86 19 87 15 88 8 90 7 91 16 92 16 93 20 94 15 95 13 96 11 97 15 98 13 99 16
48 0 12 1 17 2 16 3 15 4 14 5 6 6 3 7 2 8 6 9 4 11 17 12 18 13 4 14 7 15 12 16 6 18 13 19 19 20 14 22 4 23 5 25 10 26 14 27 20 28 10 29 12 30 17 31 6 32 18 33 5 34 10 35 1 36 4 37 13 38 12 39 3 40 15 41 10 42 7 43 5 44 18 45 20 46 18 47 11 49 3 50 2 51 5 52 9 53 11 55 12 56 13 57 9 58 7 59 2 60 3 61 10 62 19 63 18 64 5 67 15 68 17 69 8 70 5 72 4 73 16 74 3 75 17 76 13 77 13 78 6 79 6 81 3 82 19 83 15 84 1 85 18 86 10 87 4 89 8 90 14 91 19 92 7 95 1 96 16 99 12
52 0 12 2 9 3 8 4 9 6 7 7 6 8 7 9 10 10 7 11 6 12 5 13 18 14 4 15 19 16 9 17 18 19 14 20 8 21 6 22 8 23 13 24 5 25 8 26 6 27 20 29 17 30 2 32 9 33 14 34 18 35 5 37 1 38 3 39 5 40 13 41 11 42 4 43 14 44 17 45 16 46 5 47 14 48 9 50 13 51 17 53 9 55 6 56 19 57 7 58 2 59 8 60 8 61 12 62 20 63 3 64 6 65 6 67 5 68 1 69 3 70 8 71 7 72 16 73 12 74 3 75 15 76 18 77 9 78 3 79 18 80 6 81 13 82 3 83 13 84 9 87 3 88 5 89 4 91 15 92 2 93 4 94 3 95 19 96 12 97 5 98 12 99 19
80 0 18 2 19 4 6 5 7 6 19 7 11 8 9 9 18 10 9 11 4 12 14 14 5 15 13 17 9 18 15 19 19 20 8 21 8 22 2 24 1 25 10 26 8 27 5 28 1 29 4 30 14 31 1 32 1 33 3 34 8 35 17 36 18 38 1 39 6 40 3 41 12 42 1 43 11 44 15 45 18 46 16 47 6 49 12 50 11 51 20 52 6 53 7 54 14 55 16 56 6 57 20 58 1 59 12 60 14 61 8 62 16 63 12 64 15 65 7 66 3 67 11 69 9 70 2 71 1 72 5 73 17 74 14 75 19 76 11 77 15 78 8 79 19 81 7 82 4 84 20 85 14 86 7 87 10 88 6 90 7 91 10 92 13 93 15 94 18 95 13 96 2 98 13 99 2
78 1 1 2 18 3 10 4 2 6 12 7 5 8 9 10 19 11 5 12 7 13 13 14 6 16 6 18 3 19 4 20 20 21 13 23 17 24 20 25 15 26 10 28 2 29 11 30 10 31 7 32 4 33 9 34 3 35 19 36 18 37 3 38 16 39 16 40 14 41 19 42 11 43 5 44 16 45 1 46 5 47 1 48 6 49 1 50 11 51 12 52 3 53 7 54 5 55 16 56 9 57 12 58 13 59 3 61 16 62 10 63 14 64 12 65 18 66 2 67 4 68 4 69 12 70 3 71 3 72 10 73 1 74 16 75 12 76 12 77 6 79 12 80 8 81 5 82 4 83 13 84 5 85 3 86 16 87 14 88 1 89 17 90 8 91 20 92 6 93 9 94 7 95 2 96 3 98 1 99 18
19 0 10 1 4 2 9 3 17 5 17 7 2 8 8 9 2 10 13 11 8 12 14 13 1 14 6 15 18 16 2 17 14 18 4 20 2 21 15 22 10 23 4 24 5 25 15 26 3 27 12 28 14 29 2 31 18 32 17 33 3 34 7 36 6 38 6 39 14 40 14 41 5 42 15 43 7 44 8 45 15 46 12 47 12 48 19 49 9 51 8 52 14 53 11 54 18 55 8 56 5 57 9 58 19 59 9 60 17 61 2 62 8 63 3 65 19 66 18 67 9 68 19 69 7 70 8 71 3 74 8 75 3 76 16 77 17 78 4 79 13 80 19 81 7 82 15 83 16 84 18 85 7 86 11 87 17 88 12 89 2 90 9 91 8 94 14 95 4 96 7 97 15 98 10 99 15
92 0 14 1 19 2 14 4 7 5 9 7 14 8 19 9 14 10 18 12 10 14 9 15 11 17 7 18 2 20 17 21 15 22 14 23 6 25 4 26 3 27 16 29 7 30 15 31 10 32 4 33 19 34 2 35 2 36 14 37 12 38 19 39 6 40 20 42 17 45 3 46 11 47 4 48 7 49 6 50 7 51 10 52 2 53 11 55 7 56 10 57 8 58 5 59 6 61 5 62 6 63 15 64 11 65 6 66 18 67 7 68 20 69 11 70 4 72 20 74 15 75 12 76 11 77 16 78 6 79 16 80 13 81 4 82 17 83 8 84 13 86 7 88 15 89 8 90 14 91 4 93 1 94 11 95 14 97 7 98 3
93 0 11 1 2 2 7 3 1 4 7 5 1 6 11 8 17 9 4 10 8 11 6 12 9 13 11 14 20 15 2 16 2 20 2 22 8 23 8 24 2 25 20 27 14 29 1 30 9 32 18 33 7 34 20 36 15 37 9 38 5 39 4 40 14 41 11 42 20 43 18 44 6 45 10 46 8 47 14 49 9 50 6 51 10 52 4 53 10 54 14 55 16 57 7 59 3 60 14 61 10 62 5 64 7 65 18 66 2 67 9 68 6 69 8 70 7 71 7 72 6 73 7 74 18 77 20 78 9 79 11 80 15 81 17 82 14 83 17 85 11 86 15 87 6 88 3 89 1 90 10 91 12 92 1 94 8 95 14 96 8 97 7 98 15 99 4
98 0 7 1 14 2 5 3 13 4 6 5 20 6 7 7 4 8 10 9 1 10 19 11 18 14 15 15 9 16 11 17 11 18 17 19 10 20 16 21 7 22 13 25 18 26 17 28 11 29 9 30 13 31 13 32 16 33 12 34 3 35 5 36 3 38 8 39 4 41 11 42 2 43 6 44 8 47 11 49 13 50 17 51 16 52 12 53 15 54 17 55 1 56 1 57 7 58 5 59 7 60 13 61 20 62 7 63 11 64 16 65 12 67 8 68 15 69 1 70 7 71 20 72 13 73 5 75 7 76 5 77 13 78 1 79 8 80 13 81 4 83 11 84 19 85 17 86 2 87 19 88 12 89 5 91 8 92 3 93 15 94 8 95 4 96 6 99 6
15 0 12 1 18 2 9 3 4 5 19 6 14 7 5 8 8 9 3 10 10 11 14 13 1 14 19 17 15 18 16 19 18 20 2 21 4 22 6 23 12 24 8 25 7 26 16 27 4 28 4 29 9 30 10 31 2 32 18 33 13 34 17 36 5 37 17 38 14 39 16 40 13 41 7 42 4 44 9 45 8 46 1 47 8 48 12 49 13 50 13 51 14 52 19 53 3 55 2 56 2 57 13 59 3 60 17 61 20 62 15 63 10 64 16 65 10 66 5 67 4 68 4 69 9 70 18 71 10 72 10 73 16 74 14 75 20 76 12 77 19 79 12 80 13 81 1 82 13 83 18 84 10 85 9 86 12 87 6 88 1 89 6 90 6 91 19 92 11 93 2 94 3 95 3 97 16 98 9 99 4
49 0 6 2 18 3 16 4 19 5 9 6 5 7 6 9 20 10 10 11 3 12 20 13 6 14 11 15 13 16 18 17 15 18 6 19 9 20 10 21 3 22 9 23 18 24 4 25 18 26 10 27 11 29 17 30 6 31 9 32 18 33 12 34 4 35 3 36 5 37 20 38 18 41 3 42 19 43 10 44 20 46 17 47 17 48 3 51 6 53 1 54 10 55 18 56 10 57 9 60 17 61 19 62 19 63 15 66 9 67 8 68 15 70 3 71 18 72 19 73 2 74 9 76 19 77 6 78 1 79 14 80 12 81 6 83 5 84 17 86 1 87 7 88 2 90 19 91 2 92 6 93 9 94 4 95 5 96 13 97 14 98 13 99 4
2 0 4 1 11 3 3 4 19 5 20 6 7 7 15 8 13 9 11 10 1 11 11 12 15 13 7 14 8 15 9 16 3 17 10 18 17 19 9 20 7 21 13 22 19 24 17 25 8 26 14 27 4 28 6 29 1 30 11 31 16 32 8 33 5 34 3 35 1 36 8 37 18 38 10 39 5 40 19 41 8 42 6 44 16 45 16 46 13 47 20 48 16 49 18 50 12 51 18 52 9 54 20 55 18 56 9 57 18 58 8 60 8 61 3 62 8 63 11 65 14 66 4 67 20 68 2 69 19 70 12 71 20 72 10 73 19 74 8 75 11 76 17 77 6 78 18 79 15 80 19 82 15 84 16 85 5 86 10 87 5 88 7 89 12 90 17 91 3 92 14 93 7 94 17 95 14 96 10 97 17 98 5 99 1
36 0 17 2 8 3 14 4 2 6 12 7 18 8 11 9 15 10 13 11 17 12 6 13 17 14 5 15 5 17 5 19 6 20 3 21 4 22 11 23 12 24 7 25 10 26 15 27 15 31 15 32 4 33 14 34 3 35 3 37 4 38 12 39 14 40 20 41 8 43 18 46 8 47 13 48 4 49 5 50 19 51 10 53 5 55 5 56 5 58 20 59 17 60 4 61 14 62 13 63 12 64 1 65 4 66 2 68 20 69 1 70 3 71 4 72 15 74 19 75 5 76 6 77 19 78 18 79 8 80 18 81 5 82 14 83 10 84 13 85 5 86 19 87 13 88 10 89 1 90 14 91 8 92 14 93 15 95 19 96 4 97 10 98 3 99 6
64 0 13 1 6 4 7 5 16 6 12 7 8 8 17 9 3 11 12 12 10 13 20 14 18 15 16 16 3 17 11 18 5 20 2 21 4 22 15 23 15 24 16 26 9 27 20 28 5 29 13 30 19 31 11 33 10 34 12 35 7 36 1 37 18 38 15 39 1 40 7 41 17 42 19 43 1 45 1 46 18 47 18 48 5 50 18 51 1 52 6 53 18 56 3 57 13 58 17 59 19 60 17 61 1 63 10 65 4 66 8 68 11 69 4 70 14 72 18 74 1 75 3 77 18 78 12 79 12 80 15 81 7 82 15 83 19 84 3 85 15 86 8 87 15 88 16 89 1 90 3 92 11 93 7 95 18 96 12 97 11 98 16 99 11
55 1 11 2 18 3 16 5 16 7 10 8 17 9 15 11 6 12 12 13 7 14 20 15 2 16 15 17 16 18 5 19 8 20 6 21 1 22 12 23 5 24 14 25 15 26 11 27 9 28 3 29 16 31 8 32 4 33 17 35 16 36 5 37 14 38 16 39 5 40 15 41 20 42 4 43 6 44 20 45 6 46 20 48 12 49 18 50 19 51 9 52 6 53 19 54 11 56 19 58 17 61 7 62 3 63 19 65 11 66 11 67 12 68 2 70 10 71 11 72 20 74 16 75 6 76 13 77 17 78 16 79 1 80 16 81 2 82 2 85 7 86 14 87 17 89 14 90 3 91 13 92 7 93 16 94 17 95 13 96 18 98 1 99 16
29 0 2 1 6 2 1 3 20 4 16 5 16 6 20 7 19 8 4 9 3 10 9 11 9 13 3 14 5 15 9 16 9 17 9 18 1 19 2 20 5 21 16 22 2 23 14 24 4 25 10 26 17 30 8 31 10 32 11 33 5 34 13 35 14 37 19 38 13 39 18 41 13 42 5 43 3 44 10 45 9 46 16 47 5 48 12 49 17 50 6 51 18 52 17 53 18 55 16 56 18 57 12 58 6 59 10 60 16 61 2 62 3 63 1 64 13 65 17 66 16 67 7 68 14 69 8 70 16 71 2 72 20 73 4 74 9 75 16 76 3 78 11 79 2 80 4 81 15 82 11 83 10 84 8 85 5 86 16 87 17 88 7 89 8 90 3 91 12 92 7 93 1 94 12 95 20 96 8 98 9
42 1 16 2 6 3 1 4 8 5 8 6 14 8 1 10 16 11 18 13 14 14 9 15 4 16 4 17 1 19 15 20 19 21 2 24 10 25 16 26 10 27 1 28 15 29 5 30 5 31 17 32 5 33 4 34 6 35 8 37 1 38 19 39 17 40 1 44 11 45 2 46 15 47 7 48 7 49 19 50 20 51 19 52 4 53 8 54 16 55 4 56 10 57 4 58 9 59 5 60 9 61 8 62 16 63 11 64 19 66 1 67 5 68 18 69 4 70 1 71 13 72 2 73 12 74 12 75 7 76 15 77 8 78 11 79 8 80 1 81 17 82 11 83 6 84 15 85 14 86 4 87 3 88 6 89 10 90 19 91 6 92 17 93 20 94 9 95 18 96 17 97 12 98 2 99 7
20 0 3 2 7 5 5 7 14 8 10 9 3 10 2 11 15 12 13 13 17 14 13 15 2 16 10 17 20 18 2 19 2 21 6 22 5 23 18 25 15 26 2 27 10 28 10 29 5 30 18 31 8 32 8 33 8 34 14 35 9 36 3 38 8 39 5 40 6 41 19 42 19 43 13 44 14 45 17 46 15 47 14 48 14 49 10 50 10 52 8 53 13 54 2 55 6 57 12 58 18 59 8 60 12 61 1 62 9 63 13 64 2 65 8 66 17 67 6 69 13 70 4 71 4 72 16 73 4 74 10 75 5 76 8 77 4 78 20 79 2 80 8 81 11 82 15 83 17 84 16 85 18 86 10 87 19 88 5 90 17 92 17 93 2 94 12 95 3 96 19 97 12 98 16 99 12
41 2 8 3 19 5 16 6 10 7 4 8 11 10 12 11 4 12 4 13 1 14 8 15 7 16 2 17 16 18 16 19 5 20 19 21 9 22 9 23 17 25 18 26 16 27 13 28 8 29 13 30 9 31 17 32 4 33 15 34 9 36 8 37 11 38 7 39 1 40 7 43 16 45 15 47 13 48 10 49 3 50 2 51 1 52 11 53 9 54 10 55 20 58 18 59 6 60 11 61 11 62 10 63 17 64 17 65 5 66 11 69 7 70 12 71 19 72 8 73 9 74 16 75 10 76 16 77 6 78 19 79 15 80 12 81 10 82 3 83 18 85 17 87 16 88 15 89 20 90 3 91 5 93 11 94 15 95 3 96 20 97 7 98 11 99 5
89 1 8 2 12 4 6 5 8 6 13 8 17 9 18 10 8 11 18 12 4 13 20 14 7 15 6 16 11 17 19 18 8 19 2 21 8 22 1 23 13 24 15 25 4 26 3 27 15 28 15 29 8 31 16 32 5 33 2 35 18 36 1 37 20 38 8 39 19 40 9 41 20 42 10 43 17 44 8 46 9 47 10 48 8 50 19 51 2 52 4 53 1 54 9 55 14 56 15 57 10 58 9 59 1 60 17 61 13 62 6 64 1 65 14 66 19 67 13 68 14 69 10 71 2 72 10 73 19 74 8 75 2 78 17 79 1 81 12 82 1 86 18 87 15 88 5 90 18 92 8 93 1 94 19 95 16 96 4 97 4 98 5 99 5
62 0 8 2 8 3 19 4 5 5 13 6 4 7 7 8 1 9 19 10 20 11 7 12 5 15 15 16 17 17 13 18 6 19 8 20 9 21 12 22 9 23 14 24 18 25 11 26 14 27 19 28 15 29 3 30 10 31 11 32 3 33 14 34 18 36 13 37 18 39 17 40 7 41 10 42 16 43 14 44 4 45 19 46 14 47 18 48 19 49 19 50 6 51 3 52 20 53 10 54 17 55 3 57 19 58 6 59 5 61 14 63 6 65 19 66 15 67 20 68 6 69 13 70 3 72 11 74 2 75 20 76 3 77 6 78 10 79 10 80 16 81 7 82 11 83 16 84 10 85 4 86 2 87 13 89 6 90 11 91 20 92 6 93 5 94 14 95 15 96 5 97 11 98 7 99 7
10 0 6 1 2 2 1 4 10 6 19 7 19 8 8 9 20 11 5 12 18 13 12 15 10 17 10 18 1 19 13 20 2 22 4 24 7 27 2 28 13 29 9 30 13 31 7 32 6 33 4 34 17 35 13 36 13 37 12 38 20 39 7 40 6 41 12 42 16 44 14 46 14 47 20 49 10 50 2 51 4 52 7 53 8 54 1 56 9 57 2 58 19 61 20 62 20 63 4 65 3 66 8 67 9 68 15 69 17 72 1 73 14 74 4 75 2 76 8 77 7 78 19 79 14 80 9 81 10 82 16 83 3 85 20 86 10 87 4 88 19 89 8 90 7 91 13 92 18 93 8 95 15 96 19 97 4 98 19
34 0 17 1 2 2 3 5 4 6 16 8 5 10 17 11 5 13 12 14 14 15 17 16 18 17 10 18 16 19 7 20 14 21 1 22 7 23 8 24 2 25 4 26 5 27 1 28 5 29 13 31 8 32 2 33 17 35 13 36 3 37 18 38 11 40 10 41 9 42 6 43 4 45 20 46 8 47 6 48 10 49 4 52 18 53 18 56 12 57 18 58 3 60 15 61 16 62 18 63 14 64 12 65 1 66 4 67 2 68 18 69 8 70 11 71 19 72 20 73 5 74 9 76 3 77 12 78 3 79 11 80 8 81 12 83 6 84 1 85 4 86 18 87 4 88 5 90 11 91 20 92 2 93 20 94 1 96 4 97 11 98 3 99 13
82 0 18 1 1 2 15 4 14 5 10 6 9 8 12 9 7 10 16 11 7 12 13 13 8 15 13 16 12 17 7 18 15 19 15 20 15 21 18 22 15 23 13 24 9 26 17 27 10 28 6 29 11 30 18 31 20 32 3 33 14 35 6 36 14 37 17 38 20 39 14 40 14 41 3 42 11 43 12 44 16 45 11 46 16 47 18 48 19 50 12 51 7 52 3 53 2 54 15 55 2 56 11 57 12 58 8 59 11 60 20 61 15 62 11 63 19 64 15 65 12 66 14 67 3 68 1 70 18 71 2 73 16 74 11 75 4 77 16 78 4 79 6 80 4 81 10 83 9 84 13 85 19 86 7 87 16 88 2 89 1 90 20 91 7 92 17 93 14 94 7 95 8 97 20 99 15
33 1 9 2 5 3 2 5 13 6 19 7 4 9 16 10 4 11 16 12 1 13 20 14 10 15 13 17 16 18 1 19 3 20 8 21 13 22 9 23 6 24 7 25 6 26 4 27 11 28 11 29 5 30 20 32 4 34 17 35 3 36 14 37 16 39 18 40 6 41 15 42 4 43 2 44 5 45 14 46 9 47 6 48 5 49 12 50 8 51 9 52 14 54 20 55 17 56 14 57 8 58 13 59 15 60 3 61 16 62 14 63 7 64 10 65 9 66 17 67 2 68 9 69 8 71 20 73 18 74 19 76 15 77 16 78 9 79 4 80 3 81 12 82 14 83 6 84 16 85 8 86 1 87 4 88 10 89 2 90 19 91 3 92 19 93 7 94 19 95 9 96 14 98 12
87 0 18 1 8 2 5 3 16 5 1 6 6 7 7 8 16 10 4 11 17 12 5 13 17 14 14 15 6 16 11 17 7 18 16 19 17 20 19 21 16 22 14 24 9 25 16 26 5 27 7 28 1 29 17 30 9 31 13 32 20 33 4 34 4 35 9 36 13 37 7 38 13 39 11 41 16 42 3 43 15 44 13 45 3 48 4 49 7 50 6 51 13 52 3 53 17 54 9 55 17 56 4 58 17 60 1 61 13 62 13 63 1 64 15 65 3 67 11 68 9 69 18 70 16 71 9 72 19 73 4 74 1 75 13 76 19 77 15 78 14 79 10 80 10 81 9 82 16 84 15 85 1 86 10 88 6 89 15 90 12 91 2 93 6 94 9 95 11 96 7 97 20 98 19 99 13
44 0 18 2 16 4 14 5 19 7 4 8 10 9 16 10 14 11 8 12 4 13 4 14 19 15 9 16 18 17 5 18 18 19 8 20 14 21 13 22 15 23 14 24 14 26 9 27 15 28 6 29 10 30 2 31 10 32 3 33 5 37 5 38 2 39 11 40 6 42 11 43 5 45 2 48 18 49 20 50 7 51 2 52 17 54 14 55 20 56 1 57 12 58 11 59 5 60 4 62 4 65 9 66 15 67 1 68 11 69 18 70 20 71 15 72 5 73 13 74 11 75 8 76 7 77 6 78 16 79 7 80 15 81 20 82 16 83 20 84 11 85 8 86 4 87 13 89 8 90 9 91 18 93 6 94 18 96 10 97 2 98 8 99 13
97 0 4 2 17 3 10 4 17 6 9 8 1 9 12 10 4 11 10 12 19 13 15 14 2 15 16 16 12 17 7 18 13 19 15 20 12 21 8 22 6 24 1 25 12 26 9 27 13 28 14 30 8 31 18 32 17 34 11 35 8 36 10 37 2 38 12 39 17 40 17 41 7 42 12 44 2 45 19 46 7 47 6 49 14 50 17 51 12 52 5 53 4 54 20 56 13 57 1 58 18 59 10 60 18 61 1 62 11 63 2 64 11 65 16 66 11 67 13 69 9 70 8 73 7 74 6 75 5 76 14 77 15 79 4 81 20 82 20 83 12 84 14 85 10 86 12 87 20 88 11 89 4 91 19 92 7 93 7 94 11 95 18 96 9 99 3
26 0 20 1 4 2 14 3 10 6 19 7 17 8 6 9 12 11 10 12 15 13 19 14 19 15 16 16 7 17 2 18 16 19 3 20 2 22 9 23 6 25 19 27 12 28 16 29 17 30 19 33 4 34 5 35 1 36 15 37 13 38 11 39 20 40 11 41 16 42 10 43 11 44 9 45 18 46 14 48 14 49 10 50 14 51 9 52 6 54 17 55 11 56 8 57 6 58 13 59 4 61 9 62 14 63 15 64 9 65 17 66 12 67 12 68 18 69 19 70 6 71 16 72 11 73 7 74 12 75 2 76 12 77 11 78 10 79 5 80 8 82 17 83 14 84 13 85 19 86 3 87 5 88 19 89 3 90 9 91 12 92 3 94 15 95 4 96 3 97 9 98 17 99 17
58 0 8 2 8 3 13 4 14 5 4 6 14 7 15 9 12 10 19 11 17 12 5 13 4 16 12 17 19 19 19 20 18 21 7 22 5 23 14 24 7 26 13 28 9 29 6 31 1 32 13 33 13 34 3 35 1 36 20 37 1 38 10 39 6 40 1 41 18 42 9 43 8 44 11 45 17 46 17 47 14 48 7 50 8 51 13 52 2 53 14 55 17 56 10 57 17 59 13 60 15 61 14 62 6 63 1 64 17 65 7 66 3 67 5 68 2 70 12 71 8 72 13 73 2 74 16 75 12 76 18 77 3 78 13 79 18 80 1 82 8 83 12 84 13 85 6 86 3 87 17 88 13 89 9 90 5 91 15 92 5 94 12 95 9 96 13 97 18 98 5 99 7
31 0 8 1 20 2 16 3 10 5 3 7 17 8 3 9 15 10 7 11 19 12 4 13 10 14 9 15 2 17 2 19 18 20 8 21 19 22 13 23 12 24 19 27 13 28 2 29 10 30 3 32 19 34 8 35 18 36 15 37 4 38 1 39 2 40 15 41 17 42 17 43 4 44 10 45 8 46 13 47 13 48 6 49 9 50 8 51 10 53 2 54 19 55 8 56 16 58 1 60 13 62 11 63 7 64 11 65 19 66 19 67 7 68 7 69 13 70 20 71 10 72 9 73 17 74 2 75 12 78 7 79 2 80 1 81 20 82 20 83 20 84 6 85 20 86 16 87 13 88 3 89 16 91 18 92 10 94 9 95 7 97 18 98 13
59 0 3 4 9 5 16 6 9 7 3 8 1 9 16 11 15 12 16 13 9 15 3 16 6 17 19 18 15 19 9 20 8 21 19 22 3 23 13 24 16 25 16 26 4 29 10 30 7 32 18 33 15 35 1 36 17 37 13 38 11 39 17 40 16 41 6 42 5 43 13 44 5 47 16 48 2 50 11 51 18 52 8 53 5 54 6 56 15 57 9 58 13 60 15 61 10 62 5 63 1 64 19 65 15 66 16 68 11 69 12 70 11 71 17 72 1 73 14 74 8 75 17 76 11 77 4 78 3 79 9 80 12 81 15 82 11 83 9 85 8 88 15 89 1 91 1 92 6 93 3 94 14 96 12 97 10 98 7 99 7
43 0 20 1 14 4 5 5 17 6 3 7 3 8 4 9 5 11 14 12 10 13 2 16 17 17 11 18 7 19 7 20 13 21 9 22 7 23 1 24 11 26 11 27 20 28 8 29 3 30 11 31 4 32 12 33 2 34 4 35 19 36 18 37 9 39 10 40 5 41 16 44 5 45 2 46 20 47 9 48 5 49 10 50 15 51 13 52 14 53 12 54 20 55 6 56 18 58 8 59 13 60 17 61 4 62 14 63 15 64 1 66 8 67 12 68 20 69 16 71 9 72 14 73 4 74 6 75 2 76 19 77 8 78 5 79 11 80 11 81 5 82 12 83 18 84 9 85 5 86 20 87 15 88 7 89 17 90 16 91 5 93 18 94 12 95 8 96 15 98 6 99 9
21 0 9 1 16 2 13 3 6 4 9 5 16 6 18 7 16 8 1 9 20 13 12 15 4 18 19 19 15 20 6 22 7 23 17 25 13 27 9 29 16 30 18 31 19 32 12 33 13 34 1 35 10 36 4 37 1 38 13 39 1 40 17 41 9 42 2 43 9 44 13 46 15 47 12 49 3 51 5 52 6 54 15 55 1 56 2 58 7 59 19 60 14 61 9 62 12 63 10 64 4 65 14 66 17 67 1 68 3 69 8 70 13 71 1 72 14 73 7 75 5 76 6 77 5 78 13 79 12 80 8 81 10 82 18 83 5 85 10 86 1 87 16 88 13 89 8 90 4 91 17 92 15 94 7 95 17 96 5 97 8 98 7 99 5
27 0 6 1 20 2 4 3 5 4 4 5 11 6 14 7 12 8 10 10 2 11 7 12 6 14 11 15 4 16 13 19 12 20 10 21 9 22 4 23 5 24 7 25 18 26 12 28 6 30 19 31 13 32 9 33 11 34 1 35 4 36 15 38 11 39 4 40 2 41 13 42 1 43 20 44 15 46 7 47 18 48 20 49 11 50 7 51 13 52 20 53 4 54 13 55 9 56 6 57 7 60 1 62 19 63 2 64 20 65 2 66 4 67 15 68 12 69 2 70 9 71 11 72 13 73 11 74 13 76 17 79 1 80 5 81 12 82 10 83 5 85 10 86 16 87 7 88 20 89 15 90 18 91 3 92 16 93 14 96 16 97 13 99 5
18 0 18 1 13 2 17 3 15 4 13 5 12 6 17 7 4 8 20 9 13 10 1 11 6 12 13 14 3 15 16 16 2 17 13 19 4 20 2 21 19 22 1 23 17 26 16 29 1 30 2 33 1 34 16 35 10 37 9 38 3 39 5 40 13 41 16 43 7 44 18 45 18 46 1 47 3 48 13 49 6 50 10 51 5 53 4 54 13 55 5 56 13 57 10 59 15 60 2 61 12 62 6 63 5 64 5 66 15 67 11 68 1 69 20 70 16 71 9 72 20 73 15 74 9 75 14 76 3 77 3 78 3 79 13 80 15 82 15 83 12 84 11 85 2 86 14 87 16 88 2 89 8 90 9 91 2 92 2 95 8 96 8 97 13 98 17 99 9
53 0 7 1 1 3 12 4 17 5 4 6 20 7 2 8 13 9 2 10 8 11 20 13 19 14 5 15 3 16 7 17 20 18 4 19 11 20 13 22 16 23 10 25 17 27 4 28 20 29 18 30 3 31 2 32 6 34 18 35 5 36 5 37 16 38 16 39 20 40 19 41 9 42 8 43 12 45 6 46 6 48 11 49 1 50 14 51 14 52 9 54 11 55 19 56 7 57 14 58 14 59 5 60 8 61 16 62 10 63 20 64 18 65 1 69 11 70 7 71 5 72 13 73 3 74 5 75 13 76 12 77 12 78 7 79 10 80 7 82 2 83 6 84 7 85 7 86 3 87 17 88 4 89 1 90 17 91 5 92 11 93 10 95 10 96 19 97 4 98 15 99 15
12 0 2 1 14 2 15 3 10 4 12 5 9 6 15 7 7 8 14 9 14 10 18 11 18 13 3 14 5 16 18 17 4 18 13 19 14 20 13 22 8 23 1 25 8 26 15 27 6 28 20 30 2 31 4 32 12 33 1 35 8 36 6 37 14 38 4 39 7 40 10 41 4 43 10 44 4 45 16 46 9 47 5 48 18 49 20 51 7 52 5 54 4 55 12 56 1 57 12 58 5 59 16 60 7 61 8 62 5 63 9 64 10 65 1 66 18 67 3 69 6 70 1 71 18 72 7 73 9 74 15 75 15 76 1 77 20 78 7 80 14 81 15 82 13 83 18 85 17 87 5 88 15 89 4 90 15 91 17 92 10 93 9 94 13 95 11 96 9 97 19 99 14
39 0 11 1 11 2 5 3 15 4 9 5 12 6 10 7 18 8 11 10 7 11 9 12 7 13 9 14 12 15 16 16 13 17 11 18 5 19 14 20 5 21 1 22 9 23 8 24 8 25 5 26 20 27 4 28 18 29 18 31 2 32 9 33 18 35 1 36 14 37 19 40 10 41 1 42 17 43 10 44 11 45 4 46 19 47 8 48 3 51 16 52 5 53 20 54 8 55 5 56 16 57 8 58 6 59 17 60 18 62 17 63 1 64 1 65 13 66 11 69 16 70 16 72 5 73 13 74 8 76 1 78 16 79 14 80 6 81 13 82 14 83 16 84 13 85 17 86 14 87 11 88 8 89 19 90 14 92 6 93 4 94 14 95 19 96 16 97 17 98 4
32 1 6 2 8 3 12 4 3 5 20 6 7 7 19 9 13 10 6 12 12 13 13 14 18 15 18 16 16 17 10 19 17 20 8 21 12 22 15 23 15 24 17 25 17 27 9 28 2 29 11 30 5 31 19 33 4 34 2 35 11 36 4 37 13 38 17 39 9 40 2 41 4 42 5 43 12 44 3 45 7 46 6 47 1 48 18 49 18 51 18 52 9 53 6 55 4 56 18 57 18 58 13 59 18 60 20 61 7 62 3 63 18 65 3 66 2 67 13 68 5 69 16 70 14 72 2 73 3 74 7 75 15 76 17 77 16 78 4 79 2 80 1 81 17 82 3 83 4 84 19 85 1 86 11 87 20 88 9 89 5 90 10 92 4 93 18 94 20 95 2 96 20 97 17 98 16 99 14
75 0 8 1 16 2 11 3 17 4 9 6 16 7 16 8 14 9 2 10 2 12 15 13 10 14 12 15 20 17 19 18 14 19 3 20 5 21 5 22 2 23 7 24 20 25 10 26 2 28 1 29 16 30 8 31 12 32 15 35 6 36 5 37 17 38 4 40 4 41 10 42 7 43 2 44 8 45 7 46 19 47 8 48 17 50 19 51 1 52 15 53 13 54 4 55 6 57 17 58 12 59 17 62 20 63 20 64 3 65 2 66 18 67 12 68 6 69 2 70 6 71 15 73 8 77 6 78 12 80 19 82 4 84 12 85 2 86 3 87 13 89 2 90 11 91 4 92 12 94 4 95 12 96 16 97 5 98 7 99 5
