100
97 31 9 38 10 74 6 75 19
54 7 12 24 12 31 17 36 20 44 11 47 13 74 19
10 47 10 48 4 56 5 80 10 91 13 98 5 99 18
31 32 2 36 16 38 1 41 12 54 17 55 20 89 14 97 9
8 12 4 35 11 39 4 43 9 50 17 64 5
41 6 4 14 16 26 17 31 12 56 9 76 18
89 12 16 21 2 31 14 34 7 42 9 56 7 88 7 95 9
84 3 18 29 19 42 18 58 11 80 2 93 17
0 9 18 26 11 33 12 49 8 68 6
77 9 18 27 18 35 4 66 18
50 8 17 53 8 59 19 68 8 72 1 85 10 90 2 94 17
1 2 1 12 12 29 15 45 4 55 7 60 1 71 6 79 1
90 14 19 25 9 50 2 67 10 91 19
93 25 19 33 16 36 16 42 5 55 15 75 17 84 17
25 39 7 59 7 60 14 85 2 90 9 93 19
78 6 7 11 11 13 16 18 12 68 6 91 2
81 4 13 9 18 48 9 68 2 71 10 75 12 91 6
82 3 6 29 4 64 4 75 8 87 17
27 5 7 28 8 75 1 77 18 86 4 96 20
7 35 16 44 20 53 12 54 12 83 14
58 20 8 47 5 79 4 84 11 87 9
35 4 9 7 16 8 11 59 2 72 2 76 5 77 4
22 15 9 18 18 64 3 69 19 88 10 91 7
19 5 17 17 17 72 9 94 10 99 12
53 6 13 7 12 46 17 50 8
46 3 7 34 1 40 13 51 3 53 17 64 6 66 15 88 19 96 8
96 27 20 46 8 47 4 52 7 91 9
32 13 18 14 7 31 2 33 20 40 10 47 5 49 10 56 13 71 9 72 14 80 4
21 16 2 17 3 38 18 76 6 89 2
4 6 13 35 9 38 6 64 16 81 13 83 17
44 7 20 16 11 43 9 54 11 57 4 61 7 70 2 83 13
9 0 18 14 15 30 19 52 8 56 18 77 18 80 16 81 18 85 12 99 13
60 1 1 2 4 12 13 20 10 25 14 28 20 43 15
3 33 9 36 5 46 7 59 14 64 11 66 3 82 6 84 18 88 18 98 13
74 14 9 24 18 39 12 40 10 45 1 54 19 88 5 97 6
86 15 4 23 5 27 4 39 8
49 0 8 5 8 14 4 16 4 26 7 32 10 33 4 88 19
92 6 11 40 6 42 19 47 11 55 16 57 2 65 4
73 24 13 26 4 33 9 66 19 67 14 99 2
59 3 14 25 7 26 20 35 2 38 6 50 19 99 13
42 11 12 15 20 51 19 80 9 84 18 85 15 89 9 92 19 93 5 95 7
64 3 11 4 16 8 5 20 15 22 3 28 19 46 6 82 4
26 0 11 30 2 41 17 49 7 59 20 63 13 67 13 73 4 76 15 99 12
51 5 12 17 10 33 13 36 2 42 19 46 3 63 16
70 43 11 44 2 66 14 67 20
12 1 12 2 9 8 4 28 2 60 13 80 14 89 16
61 23 14 40 5 44 7 45 14 98 18
79 1 1 57 17 58 4 63 11
24 2 11 15 12 45 5 54 12 67 4 73 13 74 18
95 29 11 33 12 42 7 62 17 89 9
57 17 4 28 5 44 4 48 3 79 17 92 2
34 15 14 20 18 36 15 46 1 69 1 89 7
43 8 9 39 19 44 9 60 15 63 14 70 11 72 7
63 5 10 15 20 26 13 43 14 51 16 79 11 94 16
37 16 4 67 12 68 7 71 5 83 14
45 1 4 24 5 30 4 36 18 61 14 74 1
72 15 13 19 9 32 14 35 2 43 7 50 1 69 17
76 18 8 21 6 26 15 35 5 41 18 62 9 99 20
36 3 5 30 7 31 16 34 15 45 18 51 2 54 20 91 6 93 16
16 21 2 37 4 44 11 49 4 56 3 65 14
39 6 20 8 4 25 7 29 1 43 19 74 12 86 8 87 3
99 9 13 10 18 18 20 19 12 26 12 59 13 62 2 73 2 76 20
20 34 18 48 9 58 8 60 10 62 2 64 15 65 14 69 17
28 12 2 14 15 27 8 33 3 57 5 60 20 64 19
11 2 18 42 12 52 19 78 11
33 0 12 3 9 28 3 32 20 40 13 49 4 51 13 73 9 93 16 95 12
17 13 11 19 17 21 3 38 3 51 10 57 4 87 18
67 23 10 24 4 26 13 37 12 70 20 71 7 73 14 90 10 98 18
47 10 10 32 5 54 13 58 5 65 6 92 11 94 13 96 4
83 4 17 7 14 37 14 44 13
88 3 18 22 10 46 19 48 14 49 19 62 11 74 5 89 7
87 17 18 39 3 58 9 82 17
2 1 1 11 18 12 9 24 11 60 4 69 19 85 10
69 2 19 20 17 22 19 34 1 48 10 72 17
68 0 6 37 7 40 2 50 8 56 20 78 6 81 2
14 9 15 28 15 32 7 41 16 49 4 74 9 90 19
18 5 8 15 11 22 18 76 8 78 12 99 20
15 18 11 22 9 23 6 24 12 34 14 42 20 63 20 72 13 86 4
62 20 2 56 18 75 2 76 9 88 11 95 17 99 2
23 15 6 48 19 61 14 67 10 86 5 98 5
65 16 14 20 14 47 6 66 6 92 4
55 1 7 30 2 31 20 92 16 93 15
85 2 10 9 12 25 2 42 15 50 10 80 19 98 3
80 9 16 10 10 12 14 32 4 42 9 84 2 85 19
56 9 18 10 5 16 3 32 13 41 9 62 18 68 20 89 7
48 10 4 20 9 23 19 57 3 69 10 81 9 88 14
13 17 11 29 14 32 18 52 3 78 16
29 1 15 13 14 39 1 82 4 84 19 95 11
30 9 19 26 2 36 7 45 4 55 2 98 19
75 27 1 62 2 81 12 82 8 93 17 97 19
6 4 13 39 20 40 12 41 4 52 14 53 13 78 7 92 11
91 10 13 22 7 36 6 78 2 81 6 90 19 96 9
94 19 10 47 13 50 17 63 16
5 18 8 19 17 27 7 38 18 49 8 51 12 63 10
66 3 3 46 15 65 6 70 14 73 19 77 18
40 6 12 32 10 33 13 46 13 61 5 68 2 74 10 92 6
71 1 6 32 9 37 5 67 7 81 10
98 3 13 10 5 23 5 30 19 61 18 67 18 85 3
52 6 14 9 8 11 19 13 3 96 7
38 4 6 5 18 17 3 21 18 31 1 59 6 97 10
