50
6 1 9 4 21 10 15 12 13 13 15 15 6 16 25 17 10 22 17 23 9 26 15 27 20 28 14 29 5 30 20 32 10 33 13 37 18 38 17 39 10 40 13 41 18 42 20 43 14 49 12
25 0 9 1 6 3 17 7 15 9 5 11 16 19 11 21 22 23 7 26 7 27 21 28 23 30 14 32 23 34 22 35 23 36 11 38 7 39 25 42 20 44 6 45 12 47 12 49 17
26 1 6 3 19 4 13 5 7 6 15 7 11 8 7 9 7 10 20 12 5 15 17 17 15 19 22 23 15 24 23 25 7 28 15 32 8 33 24 34 12 37 25 38 22 40 10 46 15 48 17 49 7
14 4 24 5 13 7 11 10 12 11 17 12 21 13 25 15 7 17 16 18 15 22 10 23 21 24 11 30 12 34 17 36 7 42 11 45 19 47 11 48 12 49 5
2 7 5 11 16 12 22 15 9 16 21 17 21 20 17 21 21 24 8 28 9 30 8 33 24 35 9 36 13 38 12 43 7 44 23 45 7
11 1 11 2 16 3 17 10 9 14 17 15 16 17 17 18 18 21 5 22 15 23 13 24 17 25 16 28 9 30 17 32 19 35 6 36 10 38 5 41 19 43 18 48 13 49 10
37 1 17 4 21 6 18 7 17 8 6 9 17 10 10 16 19 26 25 28 12 29 22 30 11 31 14 34 12 36 15 42 8 43 6 44 22 46 14 49 10
31 1 15 4 12 5 10 8 22 10 8 13 25 17 7 18 10 20 13 22 14 27 24 32 10 33 24 35 8 37 14 39 10 40 14 41 15 42 18 44 18 47 25 48 9
36 0 15 2 13 3 12 4 24 11 10 12 17 13 12 14 7 15 23 18 10 20 6 21 24 24 15 25 11 27 7 29 24 30 25 32 23 37 15 40 14 41 8 43 6 45 24 46 8 48 18
32 1 7 4 11 6 10 7 11 8 17 11 19 12 6 13 13 15 5 16 24 18 20 20 12 23 22 25 23 26 8 27 9 29 8 30 13 31 10 33 15 34 18 35 13 36 23 39 15 42 21 47 21 48 18 49 8
13 0 5 3 17 6 15 9 14 10 10 14 25 16 21 17 10 20 5 24 15 27 15 28 15 29 21 31 25 32 13 36 12 43 5 45 7 46 11
38 0 24 2 12 6 17 7 17 8 25 9 19 10 11 11 5 15 20 16 18 18 14 19 16 20 18 25 7 26 22 39 11 41 24 43 7 44 15 47 7 48 24
4 1 5 6 21 7 10 14 24 16 12 20 17 23 24 26 13 31 12 32 11 36 24 37 21 42 10 43 15 44 14 46 7
23 3 5 4 24 6 9 8 12 11 13 14 21 15 25 16 12 25 7 26 15 30 12 32 22 33 20 34 21 39 15 42 16 44 7
0 5 5 12 6 13 5 19 10 21 11 22 15 24 9 25 9 30 9 33 14 34 15 35 14 36 15 38 24 39 12 48 24
20 2 17 3 10 4 17 5 25 7 23 8 16 9 25 12 16 13 5 16 19 18 13 21 22 27 11 31 13 32 12 35 15 36 6 38 18 39 15 41 20 42 9 46 5
33 0 14 2 24 5 11 6 13 9 13 10 7 15 12 17 11 23 20 24 18 26 24 27 21 31 24 32 15 39 22 41 19 44 18 48 13
40 1 22 6 13 8 15 15 18 17 24 18 8 21 18 24 24 26 10 27 11 28 7 29 11 30 21 31 14 34 6 35 8 36 14 39 24 43 10 45 20
22 0 15 5 8 6 17 9 7 10 24 11 15 14 10 15 19 18 16 21 9 28 24 31 14 34 10 42 10 43 18 46 17 47 14 48 19
46 3 9 4 7 5 20 9 16 13 11 20 5 21 11 22 17 26 15 29 8 36 8 37 14 42 25 44 14 45 11
44 1 15 2 23 4 14 5 10 8 25 18 20 23 7 24 23 25 6 28 20 31 18 33 18 34 8 37 22 38 15 41 15 42 18 43 23 46 14 47 11 49 18
3 1 10 8 14 9 16 11 17 13 17 16 24 20 10 21 11 23 5 24 6 25 17 26 19 28 12 34 11 35 11 36 12 43 7 45 9 46 9 48 23 49 5
1 3 10 4 5 6 9 7 8 8 20 9 22 11 11 12 7 15 23 19 5 25 6 26 6 28 17 30 15 31 15 32 7 35 15 37 17 40 22 44 15 45 16 47 10
45 1 16 2 7 3 9 8 17 9 24 10 14 13 7 14 19 16 10 18 7 25 12 27 20 29 16 36 24 39 18 40 20 42 5 46 11
21 0 11 2 21 3 11 5 11 9 14 11 5 15 16 16 16 19 22 20 22 22 9 25 22 28 21 29 9 30 11 35 13 36 24 40 18 43 25 46 11 48 18
28 1 17 2 9 3 12 5 11 6 14 8 7 11 9 12 18 13 15 21 21 22 24 25 23 26 15 35 7 37 12 40 7 44 20 48 16 49 5
5 0 5 10 16 14 13 16 21 17 10 20 25 21 11 22 8 24 10 26 7 28 11 31 10 33 11 34 15 41 13 42 21 44 10 46 20
19 0 10 1 5 8 12 10 5 12 10 17 15 21 22 25 11 26 22 27 10 30 10 35 5 38 16 41 17 42 8 47 19 48 22
7 1 8 2 5 4 10 14 11 16 5 17 9 20 23 25 15 26 11 32 11 37 17 38 17 42 18 43 14
34 0 15 3 11 5 15 9 24 14 17 15 19 17 18 22 10 23 21 25 22 26 12 29 23 32 18 35 23 37 12 39 23 40 6 41 20 42 12 44 8 48 16 49 16
9 1 22 3 16 10 17 12 20 13 14 15 11 20 25 21 14 22 7 25 5 26 7 33 13 34 24 37 17 38 19 45 24 46 16 48 8
41 5 13 6 18 11 19 18 11 19 17 20 20 31 15 33 19 34 20 36 8 38 24 39 7 44 15 48 8
10 5 16 6 15 9 17 11 9 12 14 13 10 14 12 16 10 17 13 19 5 22 24 26 20 27 5 29 5 31 8 33 7 37 10 38 11 39 16 42 13 43 20 45 14 48 10
17 2 21 5 10 6 10 7 9 8 17 10 13 11 17 13 10 14 16 19 15 24 12 26 15 31 7 33 11 34 18 35 18 40 24 42 24 49 8
30 0 9 1 15 2 8 6 20 11 17 12 7 14 12 19 10 21 11 23 12 25 14 29 12 32 13 35 7 36 25 37 11 39 17 40 21 49 14
42 4 10 5 21 6 20 7 18 10 13 14 11 17 24 18 9 19 8 20 9 22 10 23 16 25 20 31 18 32 21 34 12 37 8 39 10 44 18 45 5 46 25 49 14
12 0 6 1 7 2 22 6 13 9 20 10 14 14 21 18 20 19 10 20 16 24 8 26 5 27 8 28 18 29 25 30 7 32 6 36 17 47 7
47 1 10 8 5 12 7 14 11 15 19 16 17 18 19 19 19 22 14 25 12 27 14 31 25 32 21 38 7 43 13 44 11 49 10
27 6 20 10 5 12 8 13 15 15 13 19 10 20 11 24 23 25 21 31 24 32 9 33 21 35 22 36 7 40 11 45 20 47 14 49 17
15 1 23 2 9 6 6 8 24 9 11 11 16 14 7 16 10 21 16 22 19 23 25 24 15 26 17 27 13 29 12 32 5 33 12 34 19 35 16 36 23 38 20 39 5 40 18 47 19 48 17
49 3 5 6 12 11 10 14 5 17 8 24 5 25 17 26 7 27 17 28 5 29 18 30 14 32 8 34 16 35 25 37 10 42 14 44 18 47 10
24 0 9 2 8 3 6 5 10 8 15 11 17 12 8 13 15 14 11 15 15 16 17 17 12 18 13 26 23 27 23 29 20 33 18 35 15 36 15 39 17 40 24 43 10 44 23 49 5
48 0 24 3 23 9 8 10 10 11 13 14 12 15 17 18 21 19 22 21 18 22 19 26 17 28 16 31 9 32 18 33 13 34 16 36 18 38 24 39 18 41 8
29 6 5 10 5 12 25 13 21 15 12 18 9 21 9 24 20 30 12 32 8 34 23 35 7 36 24 37 22 40 11 45 16 46 8 49 18
8 1 20 3 14 15 24 17 17 19 12 20 16 23 12 24 15 26 7 28 7 31 22 32 17 37 6 38 25 40 15 43 24 44 25 45 17 47 5
43 2 7 3 7 4 15 6 14 7 14 8 24 10 20 11 18 13 5 16 23 21 25 22 18 24 10 36 6 37 6 38 7 39 11 40 10 44 23 47 13
18 11 18 12 20 14 15 16 8 20 13 22 16 24 13 29 9 31 10 32 20 36 10 38 14 40 8 41 11 42 9 44 20 45 7 47 19 48 21
39 0 12 6 10 10 16 15 5 16 15 20 15 23 15 24 17 25 25 30 17 31 10 32 15 33 22 34 23 38 11 40 24 41 7 42 10 43 11 45 18 48 18
16 2 21 3 24 4 12 5 21 6 25 7 5 10 10 13 21 15 10 18 8 20 19 21 16 23 12 24 17 32 24 37 19 38 18 39 15 43 23 45 10 47 17
35 0 14 1 15 2 9 3 11 11 6 15 16 17 18 19 5 20 15 21 13 24 15 25 23 27 22 28 7 29 7 30 7 31 8 32 13 34 23 40 8 49 25
