150
58 2 44 54 10
52 41 27 47 25 106 26 123 5
17 16 42 23 20 33 49 34 44 62 43 135 8 138 14
26 36 16 140 47 143 45
42 114 20 125 8
129 46 30 49 47 117 39
103 5 22 20 35
45 37 46 74 47 143 6
145 3 21 61 24 67 41 91 11
115 23 48 107 37
79 38 41 117 44 148 30
81 68 47 120 18 121 11
137 34 40 136 6
60 50 7 56 43
74 45 47 101 18 131 40 132 34
67 13 30 48 41 145 41
75 53 43 117 36
37 9 30 45 46
63 112 27 123 33 124 7 128 10
3 19 16 119 20 145 21
4 76 20 117 30
72 1 49 6 13 14 34
99 41 11 105 46 108 20 116 27 149 50
104 84 48 135 10
62 17 43 92 29
64 14 41 93 46 132 44
77 5 6 47 43 53 36 147 23
131 59 43 74 40
71 30 19 31 49 44 17 55 6 83 41
8 12 49 24 41 39 26 88 33 93 46
147 73 19 77 23
53 75 43 77 36 127 28
34 17 44 39 14 94 50 137 40 144 6
50 28 23 60 7 91 30
118 29 38 98 33
19 3 16 16 6 95 15
140 10 24 26 47
108 14 38 36 12 99 20
66 28 26 32 35 87 36
148 79 30 93 40 106 5
128 63 10 122 6
96 18 25 92 9
10 6 12 85 12 140 24
136 73 27 106 7 137 6
13 67 30 84 43 94 15 105 5
23 17 20 115 48
40 59 49 127 35 141 43
113 44 50 69 21 110 13 149 37
51 38 33 107 18 127 23
93 8 46 64 46 148 40
73 0 31 136 27 147 19
65 9 48 21 9 82 9 141 31
55 14 24 70 43 71 6 95 37
144 34 6 95 11 97 30
2 24 32 58 44
120 61 38 81 18
82 32 19 65 9
105 13 5 99 46
130 46 29 76 21 87 35
36 26 16 47 31 98 14 108 12
39 8 26 34 14 38 27
68 20 25 81 47 139 42
90 57 43 97 13
46 15 7 92 31 101 23 129 30 130 29
102 5 48 86 45 110 26 126 24
112 44 27 63 27 132 38
33 12 19 17 49 122 38
85 10 12 22 21 25 18 88 50
56 49 6 59 29 60 43 135 44
88 8 33 25 17 85 50
28 9 33 50 23 66 26 78 40
31 43 45 71 49 78 36
80 7 19 22 31
149 99 50 113 37
94 13 15 34 50 111 12 116 20
47 27 47 36 31 52 25 77 43
124 63 7 83 48
61 120 38 145 24
101 46 23 74 18 142 7
126 38 43 102 24
76 4 20 44 21 84 29 100 40 119 8 130 21
27 47 47 57 31
5 16 34 77 6 102 48 103 22
11 57 33 69 27
86 14 49 102 45
1 69 27 72 49 125 37
0 41 23 73 31 134 46
35 24 16 78 21 106 37
87 7 6 66 36 98 24 122 34 130 35
135 17 8 56 44 104 10
123 52 5 63 33 91 49
38 39 27 51 33 79 41 126 43
30 71 19 100 47
119 3 20 76 8
43 16 39 31 45
125 1 37 42 8
41 0 23 52 27 99 11
143 26 45 45 6
15 46 7 48 17 97 6
21 65 9 78 49
89 18 31 29 48 133 11
100 30 47 76 40
24 2 32 8 41 35 16
57 11 33 27 31 90 43
16 5 34 17 42 19 6 43 39
121 14 42 29 20 81 11
59 29 12 40 49 56 29 122 46 131 43
117 4 30 75 36 79 44 129 39 139 43
69 1 27 11 27 113 21
70 55 43 84 15 127 18
141 40 43 44 6 65 31
14 55 24 64 41 72 34 86 49 108 38 121 42
98 36 14 87 24 111 28 118 33
132 64 44 74 34 112 38
6 10 12 22 31 72 13
116 94 20 99 27
111 94 12 98 28 114 47 146 7
92 46 31 62 29 96 9
97 15 6 54 13 90 13 144 30
95 19 15 55 37 114 43 144 11
91 50 30 109 10 123 49 145 11
48 15 17 67 41 133 24
32 66 35 82 19
49 9 32 25 19 56 6 129 47
12 8 49 25 18 33 19 138 17
7 80 19 87 6 134 28
127 40 35 51 23 53 28 70 18
107 51 18 115 37
29 59 12 89 48 118 38 121 20
139 20 10 68 42 117 43
83 71 41 109 15 124 48
78 21 49 28 40 31 36 35 21
134 0 46 7 28 146 31
110 20 31 102 26 113 13
20 18 19 68 25 103 35 110 31 139 10
54 58 10 97 13
146 111 7 134 31
22 6 31 80 31 85 21
44 71 17 76 21 112 27 113 50 141 6
18 20 19 89 31 96 25
25 12 18 49 19 85 18 88 17 142 8
84 13 43 70 15 76 29 104 48
138 12 17 17 14
142 25 8 101 7
114 42 20 95 43 111 47
133 48 24 89 11
9 28 33 37 30 49 32 65 48
122 33 38 59 46 87 34 128 6
109 83 15 91 10
106 35 37 52 26 136 7 148 5
