15
3 0 45 1 35 2 37 4 21 7 6 9 44 10 15 11 6 14 21
8 1 35 2 35 5 12 7 34 9 21 10 36 11 14 12 7 13 44
10 0 36 3 15 4 32 5 19 6 39 7 38 8 36 9 24 11 29 13 23
13 0 15 1 35 2 15 4 32 5 47 6 12 8 44 9 42 10 23 11 47 12 30
11 1 49 2 26 3 6 6 47 7 22 8 14 9 8 10 29 12 15 13 47 14 33
12 0 15 1 18 2 46 5 14 6 46 8 7 9 37 11 15 13 30 14 48
5 0 46 1 23 2 35 4 33 6 20 8 12 9 25 10 19 12 14 13 47 14 40
4 1 16 3 21 5 33 7 46 9 33 10 32 13 32 14 13
14 0 30 1 6 3 21 4 13 5 40 7 38 9 26 11 33 12 48
6 5 20 7 14 10 39 11 47 12 46 13 12
0 2 29 3 45 5 46 9 6 10 36 12 15 13 15 14 30
2 0 29 1 19 3 37 5 35 7 28 8 35 11 26 12 46 13 15
7 2 28 3 6 4 46 6 14 8 34 9 32 10 38 11 22 14 38
1 2 19 3 35 4 16 5 23 8 35 9 47 11 49 12 18 13 35 14 6
9 0 6 1 47 3 44 4 33 5 25 7 32 8 21 10 24 11 8 12 37 13 42 14 26
