100
86 0 13 1 19 2 15 3 17 5 6 6 6 7 6 8 13 11 5 12 10 13 15 14 9 15 14 16 16 17 12 19 23 20 21 21 17 22 15 23 20 25 21 26 9 28 25 30 22 31 9 32 25 33 25 34 11 35 22 36 5 37 21 38 12 39 8 40 25 41 8 43 19 44 10 45 23 46 22 47 15 48 18 49 16 50 22 52 17 53 15 54 10 55 16 56 20 57 14 58 12 60 10 61 15 62 24 63 9 64 22 65 13 66 25 68 8 69 9 70 5 71 7 72 23 73 21 74 17 75 10 76 16 77 18 78 18 80 15 81 8 82 21 83 9 85 21 87 21 88 15 89 17 90 11 94 21 95 25 96 7 97 5 98 14 99 10
91 1 6 2 7 3 15 4 10 5 9 6 7 7 14 8 21 11 19 12 21 13 10 14 13 17 13 18 10 19 19 20 19 21 14 22 10 23 21 24 5 25 16 26 8 27 23 28 23 29 9 30 22 31 24 33 21 34 7 35 22 37 17 38 11 39 8 40 9 41 23 42 14 43 21 45 8 46 22 47 22 48 25 49 6 50 10 51 18 52 25 54 24 55 14 56 5 57 16 58 15 59 12 60 21 62 7 63 10 64 7 65 19 66 20 67 13 68 9 69 8 70 5 71 21 72 7 73 6 74 15 75 12 76 13 77 7 78 7 79 20 80 21 81 18 82 20 83 14 84 7 85 24 88 7 89 8 90 7 92 10 93 10 95 12 96 23 97 24 98 21 99 14
48 0 16 2 12 3 13 4 7 5 10 6 5 7 16 8 24 9 17 10 9 12 22 14 16 15 15 16 9 17 5 18 24 19 20 20 16 21 20 22 7 23 23 24 25 25 23 27 10 28 5 29 18 30 22 31 21 33 14 34 21 35 19 36 23 37 13 38 20 39 12 40 17 41 18 42 12 43 19 44 25 45 19 46 25 47 6 49 15 50 16 51 15 52 23 53 14 54 10 55 12 56 12 57 7 58 5 59 14 60 14 61 17 62 13 63 11 64 23 65 22 66 9 67 20 68 19 69 19 70 18 71 19 72 9 74 12 75 21 76 17 77 12 80 25 81 5 82 9 83 24 86 18 87 23 89 19 91 25 92 21 93 20 94 11 95 14 96 17 98 23 99 16
34 0 15 1 11 2 5 3 25 4 25 5 7 7 20 8 13 9 11 12 15 13 8 14 10 15 12 16 19 17 20 18 11 19 21 20 19 21 14 22 8 23 9 24 25 25 14 28 8 29 15 30 7 32 11 33 21 35 5 36 21 37 17 38 14 39 9 40 10 41 25 42 24 43 14 44 12 45 21 46 10 47 18 48 21 49 19 50 19 51 5 52 15 53 19 55 24 56 10 57 16 58 24 59 5 60 8 61 24 62 15 63 10 64 9 66 16 67 21 68 23 69 11 70 11 71 14 73 16 75 17 76 8 77 8 78 19 79 21 80 16 81 20 83 19 84 7 85 11 86 11 87 9 88 18 89 22 90 5 91 7 92 15 93 20 94 17 95 12 96 6 97 25 99 16
94 0 14 1 5 2 20 3 21 4 14 6 9 7 19 8 15 9 6 10 12 11 21 13 13 14 22 15 12 18 12 20 12 21 17 22 21 24 8 25 24 26 23 27 21 28 12 29 13 30 10 31 17 32 19 34 17 35 10 36 6 37 16 38 21 39 13 40 14 42 19 43 17 44 15 45 22 46 20 47 11 48 11 49 14 50 24 51 10 52 19 53 16 54 11 55 23 56 8 57 20 58 13 59 25 60 11 61 13 62 12 63 6 64 12 65 22 66 22 68 13 70 21 71 10 72 10 74 7 75 25 76 20 77 10 78 8 79 19 82 10 83 5 84 16 85 22 86 21 87 14 88 23 89 25 90 21 93 12 95 22 96 11 97 13 98 20 99 9
81 1 20 2 8 4 5 5 16 6 16 7 19 8 22 10 10 11 15 12 22 13 23 14 9 15 14 16 11 17 12 18 6 19 14 20 19 21 21 22 25 23 9 24 25 25 18 26 18 27 22 28 20 29 9 30 19 31 21 32 15 33 15 34 20 35 25 36 10 37 16 38 14 39 11 40 18 41 18 42 25 43 19 44 16 45 18 46 8 47 23 48 5 49 5 50 18 51 9 52 5 54 10 55 10 56 25 58 21 59 5 60 25 61 11 62 24 63 10 64 6 65 11 66 21 67 16 68 23 70 17 71 17 72 25 73 19 74 5 75 19 76 15 77 15 78 16 79 24 80 11 82 9 83 7 85 19 86 8 88 8 89 19 91 18 93 19 95 12 96 22 99 9
68 0 15 1 18 2 8 3 18 4 16 6 19 7 20 9 13 10 21 11 12 13 15 14 7 15 23 16 19 17 6 18 13 19 15 20 5 21 18 23 23 24 23 25 13 26 19 27 18 28 10 29 22 30 10 31 7 32 6 33 14 34 23 35 24 36 17 39 7 40 19 42 17 43 22 45 7 46 25 47 14 48 19 50 11 52 13 53 25 54 22 55 20 56 10 57 17 59 15 60 11 61 20 62 22 63 11 64 9 65 23 66 10 67 8 69 9 70 16 71 19 72 17 74 21 75 10 78 16 79 10 80 10 81 23 82 17 84 11 85 19 86 8 88 12 89 25 90 12 91 9 92 11 93 15 94 13 95 21 96 17 97 15 99 14
77 0 18 1 14 2 10 3 10 4 7 5 21 6 18 7 12 8 5 9 11 10 14 11 25 12 17 13 12 14 10 15 18 16 24 17 21 20 7 21 22 24 21 26 7 27 10 29 10 30 8 31 15 32 25 33 12 34 8 35 12 37 22 38 6 39 12 41 10 42 8 43 8 44 20 45 20 46 5 47 17 48 12 49 22 51 12 52 10 53 14 54 17 55 23 57 6 58 25 59 12 60 6 61 5 62 8 63 8 64 16 65 9 66 7 67 17 69 11 70 20 71 7 72 8 73 13 74 24 75 9 76 8 78 25 79 25 80 11 81 15 82 14 83 14 84 8 86 18 87 16 88 22 90 16 91 7 92 11 93 12 94 10 95 14 96 14 97 14 98 17 99 19
23 0 19 1 5 2 7 3 13 4 23 5 7 6 14 7 21 8 10 10 15 11 15 12 12 13 19 14 7 15 25 16 5 17 12 18 12 19 6 20 12 21 18 22 8 24 8 25 9 28 9 29 24 31 5 32 13 33 13 34 9 35 24 36 7 37 19 38 19 39 10 40 10 41 18 42 20 43 7 44 23 45 23 47 12 48 23 51 24 52 19 53 9 54 21 55 15 56 9 57 19 58 22 59 18 60 23 61 9 62 22 63 8 64 24 65 8 66 12 67 13 68 23 69 5 70 18 71 13 72 19 73 14 74 15 75 15 76 18 78 16 79 25 80 14 81 9 82 14 83 15 84 11 85 5 86 20 87 8 88 15 89 9 90 8 91 21 93 25 95 24 96 18 97 22 98 15 99 13
11 0 7 1 6 2 22 3 13 4 25 5 20 6 23 7 8 8 25 9 18 10 19 12 25 13 7 14 23 15 11 16 23 17 14 18 22 19 8 20 7 21 17 22 5 23 15 25 16 26 25 27 10 28 21 29 14 30 20 31 20 32 15 33 17 36 9 37 9 38 11 39 25 40 20 41 17 42 16 44 6 45 19 46 6 47 17 49 7 50 24 51 12 53 14 54 15 55 17 56 11 57 7 58 9 59 24 60 11 61 18 64 10 65 6 66 6 67 14 68 12 69 11 70 23 71 21 72 7 73 18 74 6 75 17 77 25 78 10 79 10 81 15 83 9 84 15 85 11 86 5 87 25 88 16 89 16 90 22 91 19 93 25 94 21 95 15 96 24 97 14 98 10 99 11
69 0 21 1 6 2 5 3 8 4 23 5 16 6 20 9 15 10 24 11 11 13 15 14 8 15 18 16 15 18 20 19 24 20 8 21 11 22 18 23 5 24 15 26 22 27 12 28 8 30 7 31 18 32 6 33 6 34 11 38 21 39 6 40 13 41 11 42 11 43 20 44 11 46 6 47 20 48 19 49 12 50 8 51 21 52 15 53 18 55 20 56 22 58 17 59 20 60 12 61 13 62 6 64 12 67 12 68 9 70 23 71 8 72 17 73 7 74 24 75 25 76 16 77 11 79 19 80 25 82 8 83 18 84 24 85 6 86 9 87 21 88 17 89 17 90 22 91 8 92 19 93 10 95 20 96 25 97 8 98 17 99 24
52 0 18 1 10 3 12 4 8 6 13 7 19 8 24 9 18 10 5 12 23 13 18 14 8 15 20 16 21 17 15 18 11 19 21 20 18 21 13 22 20 23 19 24 16 26 19 27 14 29 19 30 24 31 14 32 10 33 20 34 15 35 19 36 12 38 6 39 14 40 16 41 17 42 8 43 24 44 16 45 18 46 19 47 20 48 23 49 15 50 24 51 14 53 6 54 22 55 15 58 8 59 17 60 17 62 9 63 24 64 16 65 13 66 6 68 13 69 15 70 17 71 7 72 23 73 5 74 5 76 18 77 10 78 14 79 5 80 19 81 5 82 12 83 6 84 15 85 20 86 17 87 18 89 15 90 19 91 25 92 24 93 18 94 19 95 19 96 11 97 6 98 12 99 24
22 0 7 1 17 2 9 3 5 4 17 5 10 6 12 7 23 8 7 9 15 10 17 11 5 12 10 14 6 15 7 16 12 17 23 18 12 19 14 20 18 21 11 23 8 24 23 25 25 27 10 28 11 29 25 31 16 32 20 33 11 34 8 35 11 36 15 37 24 38 10 39 7 40 18 41 23 42 16 43 12 44 24 45 15 46 20 47 19 48 7 49 16 50 22 51 14 52 20 53 6 54 18 56 13 58 20 59 22 60 13 61 7 63 8 65 18 67 13 69 18 70 6 71 10 72 25 73 25 74 22 75 16 78 5 79 14 80 18 81 25 82 16 83 7 84 12 85 7 86 15 87 17 88 16 91 10 92 11 93 5 94 21 95 22 96 10 97 12 98 24 99 25
99 0 24 1 14 3 22 4 8 5 13 7 24 8 20 9 25 10 18 11 11 12 8 13 18 14 9 15 6 16 20 18 19 19 15 20 19 21 13 22 25 23 13 25 22 26 20 27 19 30 11 31 24 32 14 33 19 34 16 35 21 37 10 38 14 40 18 41 19 42 8 45 14 46 19 47 21 48 16 49 11 51 10 52 24 53 21 54 5 55 5 56 7 57 5 58 20 59 24 60 12 62 6 64 16 65 22 66 19 67 24 68 14 69 24 70 7 71 5 72 9 73 24 74 20 75 15 76 25 77 19 79 16 80 8 81 9 82 20 83 21 84 7 85 11 86 10 87 25 88 14 89 16 90 12 91 14 92 21 93 17 94 9 95 15 96 22 97 20 98 21
58 0 20 1 19 3 25 4 19 5 6 6 7 7 11 8 24 9 13 10 5 11 9 12 5 13 6 14 24 15 21 16 11 17 6 18 13 19 22 20 18 21 11 22 20 23 22 24 11 25 20 26 6 27 10 28 18 29 5 30 21 31 25 32 25 34 24 35 22 36 7 37 9 38 15 39 6 40 18 41 23 42 13 43 8 44 24 45 21 47 22 48 5 49 6 50 13 51 19 52 8 53 25 54 21 56 8 57 5 59 25 60 19 61 5 62 12 63 7 64 5 65 8 66 10 67 7 69 17 70 13 71 5 72 12 73 15 74 20 75 13 76 9 77 25 78 21 79 15 81 21 82 22 83 6 84 7 85 9 86 12 88 11 89 18 90 20 91 15 92 24 93 22 94 13 95 5 96 22 97 10 98 25 99 20
76 1 15 2 22 3 16 4 11 5 18 6 18 7 6 8 14 12 25 13 8 14 13 15 7 16 11 18 24 19 23 20 21 21 10 23 18 24 17 25 22 26 14 27 20 28 17 29 19 30 8 32 19 33 8 34 8 35 24 36 16 38 20 39 25 40 11 41 20 44 15 45 14 46 23 47 18 48 17 49 22 50 22 51 8 52 18 53 22 54 19 55 13 57 9 58 9 59 20 60 16 61 11 62 7 63 10 64 9 66 24 67 5 69 16 70 17 71 22 72 18 73 15 74 23 75 18 77 8 78 25 79 21 80 6 81 15 82 23 83 13 84 23 86 16 87 9 88 25 89 6 90 11 91 13 94 20 95 17 96 25 97 7 98 23 99 25
75 0 6 1 22 2 20 4 11 5 25 6 20 7 15 8 20 9 24 10 11 11 17 12 19 13 24 14 21 15 5 16 10 17 21 18 16 19 11 20 17 21 12 22 16 23 15 24 6 25 7 26 24 27 17 28 25 32 14 33 10 34 17 36 19 37 8 38 21 39 7 40 10 41 10 42 23 43 17 44 20 45 16 46 8 47 17 48 21 49 6 50 12 51 17 53 9 55 11 56 14 57 19 58 13 59 13 60 14 63 13 64 16 65 22 66 18 67 6 68 10 69 25 71 19 72 19 73 25 74 21 76 18 77 9 79 11 80 12 81 19 82 9 83 8 84 24 85 5 86 10 87 17 88 23 89 8 90 16 91 12 92 5 93 8 94 25 95 8 96 24 97 8 98 6 99 15
20 0 14 1 11 2 17 3 15 4 11 5 14 6 9 7 13 8 9 9 21 11 7 12 19 13 13 14 10 15 17 16 19 17 13 18 6 19 21 21 7 22 18 23 12 24 20 25 15 26 10 27 6 28 11 29 6 30 13 31 11 32 23 33 22 34 19 35 8 36 14 37 22 38 22 39 11 42 7 43 16 44 22 45 18 46 6 47 21 48 16 49 5 50 17 51 11 52 18 54 13 55 25 56 24 57 9 58 18 59 12 60 20 62 5 63 6 64 13 65 20 66 8 67 7 68 5 69 8 70 10 71 5 72 8 73 18 74 6 75 17 76 21 77 7 78 5 79 22 80 12 81 19 82 7 84 8 85 15 86 21 87 5 88 16 89 5 90 8 91 19 92 21 93 8 94 12 96 22 97 13 98 11 99 19
24 0 8 1 5 2 7 3 18 5 13 6 25 7 22 8 5 9 11 10 7 12 9 13 22 14 14 15 7 16 24 18 23 20 20 21 19 22 23 23 8 25 19 26 20 27 5 28 9 29 23 30 25 32 10 33 13 34 25 35 20 36 10 37 13 38 19 39 20 40 7 42 12 43 14 44 9 45 13 46 15 47 11 48 25 50 15 51 20 52 16 53 22 54 20 55 22 56 13 57 14 58 11 59 7 61 18 62 11 63 12 64 8 65 8 66 13 67 9 68 23 69 15 70 20 71 15 72 12 74 20 75 6 76 17 77 21 78 22 79 9 80 8 81 25 83 17 87 9 88 19 89 18 90 25 91 5 92 21 94 8 96 21 98 9
66 0 19 2 23 3 15 5 23 6 25 7 12 8 18 9 8 10 15 11 6 12 10 15 25 18 15 19 12 20 8 21 7 23 12 24 13 25 6 26 13 27 17 28 17 29 18 30 14 31 21 32 19 33 12 34 16 35 7 36 21 37 15 38 25 39 5 41 8 42 11 43 7 44 12 45 14 46 13 47 22 48 9 49 21 50 8 51 9 52 6 53 13 54 17 55 18 56 21 57 6 58 10 59 10 60 7 61 12 62 16 63 18 64 21 65 17 67 15 68 10 70 8 72 15 73 16 74 11 75 18 76 24 77 7 78 19 79 11 80 16 81 21 82 25 83 11 84 12 85 9 86 25 87 22 88 8 89 15 91 20 92 23 93 12 94 22 96 11 97 12 98 10 99 19
15 1 7 2 24 3 20 4 23 5 23 6 12 7 24 9 19 11 11 12 15 13 10 14 18 16 24 17 21 19 25 20 17 21 18 22 7 23 25 24 7 25 17 26 8 27 15 28 18 29 8 30 8 31 15 32 6 33 17 34 12 36 10 37 24 38 20 39 23 41 18 42 9 43 22 44 11 45 17 46 18 47 15 48 15 49 19 50 8 51 17 52 20 53 24 55 11 58 21 60 13 61 9 62 11 63 15 64 12 65 16 66 25 67 10 68 23 69 18 70 7 71 17 72 25 73 5 74 23 75 5 76 7 77 18 78 14 79 21 80 25 81 14 82 15 83 9 84 20 86 14 87 15 89 25 92 14 93 21 94 12 95 6 96 7 98 18 99 6
53 0 18 1 11 3 9 4 13 5 15 6 13 7 23 8 17 9 21 11 14 12 16 13 10 14 21 15 24 16 12 17 12 19 18 21 18 22 6 23 9 24 22 25 7 26 5 27 11 28 19 29 14 30 14 31 10 32 24 33 15 34 19 35 6 36 22 37 9 39 25 41 19 42 7 43 16 44 18 45 22 46 23 48 14 49 22 50 19 52 6 56 17 57 23 58 25 59 12 60 15 61 15 62 11 64 14 65 21 66 13 67 5 68 25 69 18 70 12 73 10 74 14 75 9 76 22 77 14 78 14 79 10 80 15 82 11 83 9 84 13 86 15 87 24 88 22 89 8 90 7 92 11 93 13 94 16 95 23 97 8 98 10 99 21
38 2 9 3 16 4 18 7 20 8 13 9 23 10 6 11 11 12 22 13 17 14 6 15 20 16 7 17 10 18 20 19 14 20 22 21 24 22 10 23 19 24 19 25 5 26 16 29 18 30 9 31 18 32 7 33 25 34 14 35 8 36 9 39 19 40 24 41 21 42 23 43 21 44 9 45 24 46 24 47 18 48 20 49 25 50 5 51 20 52 6 54 11 55 20 56 6 57 10 58 15 59 11 60 22 61 9 62 14 63 16 64 21 66 25 67 15 69 21 70 6 71 12 72 19 73 24 75 21 76 20 77 6 78 5 79 14 80 17 81 14 82 6 83 25 84 6 85 23 86 12 87 19 90 17 91 11 92 25 93 14 94 21 96 24 97 13 98 16 99 14
87 0 17 1 11 2 21 3 22 4 17 5 14 6 9 7 13 8 25 9 23 10 20 11 25 13 12 14 18 15 15 16 5 17 18 18 15 19 22 20 5 22 17 23 8 24 9 25 20 26 5 27 20 28 23 30 25 31 17 32 25 34 9 35 24 36 20 37 5 38 19 39 8 41 15 42 15 44 22 45 16 46 9 47 9 48 23 49 8 50 6 51 9 52 18 53 24 54 20 57 24 59 21 61 11 62 12 63 17 64 16 65 13 66 22 67 8 69 21 71 14 72 11 73 21 74 10 75 17 76 9 77 16 78 14 79 16 80 7 82 24 83 23 84 19 86 21 88 14 89 5 90 13 92 21 93 10 94 14 95 21 98 10 99 25
4 0 6 2 17 3 22 5 22 6 14 7 16 8 25 11 25 12 7 13 25 14 8 15 23 16 12 17 18 18 9 19 13 20 11 21 20 22 17 23 23 26 17 27 19 28 15 29 10 30 17 31 8 32 6 33 25 34 25 35 9 36 9 37 8 38 18 39 22 40 21 41 10 42 11 43 8 44 6 45 8 46 22 48 7 49 11 50 9 51 10 52 8 53 13 54 25 55 16 56 25 57 18 58 19 59 15 60 25 61 9 62 21 63 22 64 18 65 15 67 10 68 16 69 23 70 20 71 13 73 23 74 13 75 11 76 11 77 7 78 23 79 19 80 11 81 5 82 21 83 9 84 19 85 16 87 17 88 11 89 19 90 12 91 10 92 9 93 21 94 14 96 23 97 25 98 10 99 8
14 0 5 1 13 2 5 4 8 6 13 7 17 8 22 9 25 10 8 11 23 12 6 15 18 16 20 17 23 18 12 19 22 20 10 21 17 22 6 23 7 24 14 25 14 26 16 27 8 28 14 29 23 30 22 31 17 32 22 33 25 34 10 35 7 36 8 37 13 38 6 40 24 41 6 42 19 43 25 44 9 45 8 46 6 48 16 49 19 50 13 51 7 52 8 53 21 54 8 55 5 56 10 57 9 58 24 59 24 60 22 61 16 62 15 63 5 64 20 65 5 67 6 68 7 69 8 70 6 71 15 72 13 73 25 74 10 75 21 76 13 77 10 78 19 79 6 80 17 81 9 83 12 85 7 86 9 87 18 88 13 89 6 90 20 91 13 92 21 93 20 94 22 95 21 96 14 98 11 99 9
57 0 14 1 19 2 20 3 7 4 18 5 23 6 16 7 17 8 12 9 16 10 13 11 7 12 9 13 25 14 9 16 14 17 14 18 18 19 23 20 9 21 8 23 19 24 14 25 14 26 9 27 11 28 15 30 24 31 15 32 8 33 10 34 16 35 8 36 22 38 10 39 10 40 15 41 8 42 14 43 18 45 22 46 22 47 13 48 7 49 9 51 22 53 23 55 14 56 15 58 5 60 5 61 9 62 11 63 11 64 9 65 19 66 6 67 10 68 17 70 14 71 13 72 5 73 6 74 10 75 19 76 9 77 6 78 21 80 14 82 15 83 24 84 8 85 12 86 14 87 24 88 7 90 22 91 16 92 5 93 8 94 20 95 24 96 6 97 23 98 13 99 5
6 0 22 1 11 2 8 3 14 4 14 5 12 7 21 8 7 9 17 10 10 11 23 12 9 14 13 15 12 16 25 17 25 18 13 19 21 20 9 21 15 22 12 23 14 24 25 26 7 27 25 28 21 29 10 30 14 31 21 32 14 33 24 35 17 36 14 37 19 39 10 40 9 41 21 42 11 43 8 44 13 45 9 46 24 47 16 48 5 50 12 51 15 52 13 53 13 54 5 55 25 56 22 57 16 58 7 59 7 60 19 61 6 62 13 63 19 64 11 65 14 66 25 67 6 68 19 69 20 72 20 73 15 74 25 75 20 76 18 77 18 78 14 79 25 80 15 81 16 82 17 83 7 84 24 86 6 87 9 88 17 89 21 90 20 91 7 92 8 93 17 94 9 95 22 96 14 97 25
44 0 5 2 16 3 13 4 6 5 17 6 13 7 21 8 25 9 6 10 10 11 6 12 15 13 5 14 9 15 11 17 19 18 21 19 23 20 22 21 13 22 24 23 23 24 9 25 23 26 8 27 9 28 11 29 7 30 24 31 18 34 12 35 10 37 18 38 9 39 5 40 16 41 5 42 24 45 8 46 11 48 25 49 15 50 17 51 23 52 16 53 18 54 11 55 22 56 18 58 24 59 7 60 8 61 14 62 16 64 8 66 12 69 11 70 5 71 18 72 23 73 21 74 9 75 20 76 15 77 20 79 10 80 24 81 16 82 21 83 25 84 10 85 24 86 10 87 22 88 19 90 17 92 14 93 13 94 15 95 10 96 18 97 24 98 18
82 1 20 2 16 3 23 4 21 6 17 7 18 8 15 9 24 10 24 12 9 13 23 15 15 16 22 17 16 18 12 19 5 20 7 21 18 22 16 23 14 25 6 26 6 27 23 28 22 29 10 30 8 31 21 32 21 33 11 35 16 36 12 37 6 38 6 39 13 40 7 41 5 42 22 43 21 44 21 45 11 46 11 47 25 48 9 49 17 50 22 51 14 52 12 53 11 54 15 55 17 56 25 57 15 58 22 59 12 61 19 62 7 63 8 64 16 65 9 66 25 67 7 68 17 69 8 70 24 71 21 72 21 73 14 74 22 75 9 76 23 77 14 79 10 80 11 81 9 84 5 85 20 86 21 87 24 88 20 91 20 93 11 94 10 95 18 96 15 97 25 98 13 99 20
78 0 7 1 14 2 13 3 12 4 23 5 25 6 14 7 25 8 10 9 22 10 16 11 10 12 13 13 21 14 19 15 14 16 13 17 8 20 5 21 25 22 5 23 16 24 22 25 14 26 20 27 17 28 13 29 5 30 9 31 21 32 8 33 13 34 19 35 14 36 7 37 15 38 5 40 16 41 11 42 10 43 9 45 17 46 18 47 11 49 21 50 13 52 14 53 14 54 23 55 25 56 20 57 21 58 21 59 17 60 17 61 17 62 14 63 19 64 25 66 19 67 22 68 16 70 22 71 11 72 9 73 24 74 25 76 25 77 25 79 10 80 24 81 16 83 22 84 6 85 14 86 18 87 14 88 14 89 18 90 16 91 7 92 23 93 23 94 8 95 9 96 18 97 6 98 18
93 0 22 1 21 2 10 4 21 5 18 6 17 7 9 8 20 9 20 10 18 11 25 12 20 13 13 14 20 15 21 16 6 17 20 18 6 20 8 22 5 23 25 25 18 26 9 28 17 29 11 30 8 31 23 32 7 33 14 34 20 35 18 36 7 38 14 39 8 40 14 41 14 42 8 43 18 44 13 46 5 48 20 51 18 52 18 53 13 54 21 56 11 57 8 58 22 59 21 60 10 63 10 64 8 65 17 66 12 67 15 68 15 69 10 70 5 71 20 72 16 73 24 74 22 75 8 77 12 78 23 79 18 80 9 81 19 82 11 83 13 84 16 85 23 87 10 88 9 89 18 90 12 91 10 92 24 94 12 95 21 96 20 97 12 98 18 99 17
3 0 24 1 22 2 8 4 22 5 5 6 14 7 5 8 9 9 16 10 23 11 13 12 10 15 20 16 14 18 24 19 23 20 15 21 21 22 5 23 13 24 18 26 25 27 6 28 5 29 7 30 19 31 25 32 7 33 17 34 25 35 6 36 18 37 18 38 16 39 12 40 14 41 12 42 11 43 25 44 13 46 22 47 24 48 13 49 8 50 22 52 12 53 9 55 6 56 22 57 7 58 25 59 23 60 7 61 14 62 9 63 15 64 16 65 12 66 15 67 14 68 18 69 8 70 7 71 7 73 7 74 19 76 16 77 10 78 12 80 6 82 23 83 6 84 20 85 14 86 17 87 22 88 18 90 9 91 15 92 12 94 21 95 17 96 19 97 25 99 22
65 0 9 1 23 2 16 3 12 4 15 5 18 6 14 7 12 9 10 10 18 11 6 12 24 13 14 14 5 15 16 16 21 17 13 18 5 19 15 20 20 21 20 22 18 23 8 24 8 25 15 26 9 27 8 29 6 30 21 31 17 32 5 33 10 35 20 36 15 37 19 39 10 40 20 41 16 42 21 43 20 45 17 46 8 47 12 48 22 49 18 51 21 52 13 53 21 55 18 56 9 57 19 58 8 59 15 61 17 62 18 63 6 64 5 66 17 67 24 68 23 71 17 72 15 74 6 75 22 77 9 80 18 81 11 82 9 83 15 85 24 86 13 87 13 88 23 89 8 90 15 91 19 92 20 93 17 94 22 95 11 96 15 97 16 98 15 99 22
92 0 16 2 22 3 12 4 9 5 18 6 8 7 16 8 20 9 9 10 8 12 20 13 10 14 21 15 14 16 16 17 15 18 23 19 7 20 21 21 16 22 11 24 21 25 19 26 22 27 25 28 21 29 22 31 23 32 12 33 15 34 15 36 25 37 12 38 25 39 20 40 16 41 22 42 16 43 17 44 14 45 21 46 21 47 10 48 21 49 6 50 22 51 9 52 24 53 11 54 20 55 16 56 17 57 5 58 24 59 15 60 10 61 15 62 10 63 12 64 10 65 20 66 23 67 13 68 11 69 19 70 5 71 11 72 12 73 25 74 23 75 5 77 11 78 23 79 16 80 20 83 8 84 25 85 16 87 21 89 12 91 10 93 24 95 14 97 14 98 23 99 21
51 0 22 1 6 2 12 4 10 5 10 6 15 7 16 8 18 9 25 11 12 12 12 13 13 14 7 15 17 16 17 17 17 18 11 19 9 20 11 21 10 22 14 23 24 24 20 26 16 27 22 28 23 29 12 30 10 31 16 32 11 33 5 34 5 35 18 36 19 37 18 38 20 39 25 40 10 41 9 42 12 43 19 44 23 45 6 47 24 48 15 49 9 50 21 52 14 54 5 55 15 56 16 57 22 58 19 59 8 61 18 62 11 63 17 64 15 65 21 66 9 67 23 69 21 70 11 71 7 72 8 73 17 74 6 75 17 76 8 77 12 79 10 80 7 81 9 82 14 83 10 84 23 85 8 87 9 88 5 89 18 90 5 91 18 92 9 93 18 94 10 95 24 96 21 97 9 98 23 99 10
83 0 16 1 11 2 16 3 6 4 9 5 7 6 7 8 8 9 23 10 14 11 9 12 20 14 12 15 9 16 16 17 15 18 20 21 18 22 7 23 15 24 17 25 17 26 16 27 8 28 23 29 19 31 16 33 23 34 19 35 16 36 5 37 9 38 25 40 21 41 12 42 24 43 9 44 25 46 11 47 9 48 24 49 25 50 12 51 10 52 6 53 9 54 10 56 7 57 24 58 6 59 12 60 20 61 25 62 17 63 10 64 10 65 15 66 11 69 18 70 6 71 15 72 24 73 17 74 20 75 8 76 13 77 14 78 22 79 13 80 11 81 7 84 18 85 15 86 9 87 23 88 13 89 11 91 14 92 8 93 13 94 5 95 21 96 19 97 19 99 21
40 0 17 1 13 2 14 3 14 4 21 5 20 6 9 7 13 8 19 9 25 10 5 11 20 12 9 13 24 14 24 17 21 18 22 21 12 22 18 23 10 24 7 25 7 26 22 27 6 28 25 29 15 30 5 31 7 32 8 33 5 34 10 35 10 36 5 37 15 38 24 39 23 41 14 42 8 43 17 44 16 45 6 46 18 47 12 48 17 49 23 50 20 51 10 52 16 54 21 55 7 56 14 57 15 58 18 59 12 60 12 63 19 64 25 65 20 67 14 68 19 69 13 70 17 71 5 72 24 73 20 74 16 75 10 76 11 78 16 79 23 80 24 81 18 82 7 83 21 86 25 88 13 89 6 90 10 91 9 92 16 93 14 94 14 95 14 96 24 98 15 99 18
25 0 15 2 5 9 19 11 16 12 16 13 7 14 14 15 17 16 14 17 25 18 12 19 9 20 15 21 10 22 25 23 9 24 19 28 17 31 21 32 17 33 17 34 14 35 5 36 19 37 6 38 5 40 7 41 8 42 20 43 13 44 23 45 10 46 18 47 11 48 23 49 5 50 22 53 7 54 11 55 10 56 23 57 14 58 20 59 23 61 19 62 5 63 11 64 16 65 15 66 6 67 20 68 13 70 13 71 17 73 21 74 16 75 7 76 22 78 14 79 17 80 16 81 18 82 6 83 17 84 17 86 21 87 20 89 9 90 9 91 16 92 19 93 18 94 24 95 15 96 21 97 17 98 16 99 22
37 1 12 3 18 4 8 5 19 6 19 7 8 9 25 11 9 12 14 13 25 14 13 15 24 16 23 17 18 18 16 20 22 21 14 22 24 23 19 24 13 25 6 27 7 28 24 29 24 31 20 32 21 33 13 34 17 35 7 36 6 39 18 40 15 41 17 42 12 43 21 44 18 45 11 46 14 47 23 48 13 50 5 51 18 53 9 54 17 55 24 56 16 58 9 59 23 61 8 63 19 64 7 65 19 66 15 70 8 72 25 73 25 74 8 75 8 77 22 78 15 80 25 81 16 82 6 83 9 84 24 85 14 86 21 87 5 88 25 89 12 90 5 91 17 92 12 94 16 95 21 96 14 97 25 98 23 99 10
26 0 23 1 7 3 25 4 17 5 10 6 7 8 12 9 11 10 8 11 25 12 5 13 19 14 16 15 8 16 6 17 24 18 13 20 10 21 15 24 20 28 8 29 7 30 12 31 12 32 5 33 11 35 19 36 15 38 16 39 12 40 22 41 11 42 25 44 8 45 24 46 19 47 17 49 24 50 15 51 16 52 19 53 5 54 17 55 12 56 18 57 9 58 6 61 21 62 20 63 19 64 25 65 9 66 13 67 19 68 19 69 22 70 7 73 14 74 23 75 24 76 14 77 7 78 20 79 10 80 15 81 18 82 6 83 16 85 5 86 9 87 5 88 20 89 23 91 8 92 22 93 9 94 23 95 11 96 15 98 17 99 20
54 1 6 2 18 4 25 5 6 6 5 7 23 8 11 9 9 11 15 12 12 13 18 14 8 16 18 17 6 18 8 19 9 20 13 21 21 22 18 23 21 24 20 25 11 26 17 27 15 28 18 30 13 31 12 32 11 33 9 35 12 36 22 37 17 38 11 40 21 41 20 42 18 43 22 44 11 45 20 46 21 47 21 48 10 49 18 50 6 51 5 52 22 56 18 58 21 59 5 61 19 62 8 63 22 64 20 66 17 68 22 70 25 71 18 72 21 73 8 74 23 76 19 77 17 78 23 79 12 80 9 81 10 82 15 83 10 84 25 85 9 86 10 87 20 88 23 89 24 90 17 91 24 92 20 93 21 94 11 95 9 96 19 97 20 98 12 99 5
59 0 8 1 14 2 14 3 23 4 15 5 19 6 7 7 12 8 25 9 5 10 6 11 24 12 5 13 15 14 24 17 21 18 20 19 17 20 12 21 19 22 22 23 18 24 7 25 23 27 23 28 5 29 8 30 12 31 6 33 19 34 5 35 10 36 13 37 23 38 11 39 11 40 12 43 22 44 7 47 18 48 14 49 13 50 8 51 8 52 17 53 12 54 5 55 15 56 15 58 25 60 12 61 8 62 5 63 15 64 19 65 15 66 10 67 9 68 15 69 20 70 19 71 16 72 7 73 18 74 5 75 13 76 20 77 12 78 17 79 11 80 24 81 5 82 12 83 12 84 21 85 24 87 21 88 15 90 19 91 12 92 15 93 21 94 25 95 6 96 12 98 12 99 24
85 0 25 2 18 3 14 4 16 5 23 7 21 9 21 10 20 11 11 12 20 13 16 14 7 16 19 17 9 18 11 19 6 20 15 21 22 22 7 23 5 26 5 28 22 29 10 30 9 31 9 32 25 33 13 34 11 35 20 36 14 37 14 38 23 39 21 41 11 42 8 43 25 44 24 45 7 46 5 47 8 50 15 51 8 52 20 54 9 55 24 56 8 57 12 58 9 59 24 60 24 61 5 62 18 63 10 64 18 65 24 66 9 67 15 68 19 69 6 70 24 71 20 72 19 75 5 78 14 79 7 80 17 81 19 82 20 83 15 84 24 86 21 88 8 90 16 91 24 92 16 93 23 94 22 95 11 97 17 98 22 99 11
88 0 11 1 14 2 21 3 18 4 11 6 17 7 6 8 16 9 17 10 24 11 16 12 9 13 22 14 13 16 7 17 13 19 22 20 16 21 15 22 16 23 15 24 19 26 20 28 21 29 24 30 5 31 10 32 12 33 14 34 18 35 11 36 15 37 25 39 15 40 13 41 7 42 23 43 24 44 19 45 16 46 11 47 12 49 14 50 8 51 5 53 22 54 23 55 25 56 17 57 7 58 11 59 15 60 6 61 9 62 23 64 20 65 23 66 8 67 21 68 12 69 17 71 20 72 14 73 14 74 10 75 23 76 25 77 22 78 14 79 18 80 9 81 8 82 20 83 13 84 5 85 8 86 15 87 14 89 22 90 21 91 7 93 9 94 23 95 9 96 21 97 21 98 15 99 14
31 1 15 2 15 3 25 4 8 5 21 6 21 7 13 8 12 9 21 10 7 11 20 12 15 13 11 14 17 15 15 16 21 17 7 19 12 20 11 21 22 22 16 23 5 25 21 26 12 27 20 28 8 29 7 30 13 32 6 33 25 35 11 36 8 37 20 38 18 39 7 40 7 41 14 42 7 43 7 44 18 45 19 46 9 47 19 48 21 49 8 50 24 51 16 52 14 53 10 54 12 55 19 57 15 58 25 59 6 60 11 61 11 62 14 63 11 65 17 66 21 67 7 68 7 69 18 70 11 71 9 72 13 73 25 74 20 77 15 78 21 79 25 80 6 81 21 82 21 83 16 84 25 85 9 86 9 87 17 88 10 89 7 90 22 91 24 92 23 93 23 94 17 95 19 96 5 97 7 98 9 99 24
50 0 9 1 12 2 6 3 22 4 9 5 13 6 12 7 16 8 15 9 24 10 10 11 24 12 24 14 13 15 8 17 16 18 21 19 7 20 17 21 22 22 22 24 15 25 22 26 15 27 11 28 17 29 13 30 5 31 24 32 14 33 13 34 19 36 9 37 5 38 5 40 20 41 24 42 6 43 16 44 17 46 14 47 18 48 16 51 21 52 24 53 19 54 6 55 12 56 10 58 13 59 8 60 21 61 25 62 18 63 23 64 11 66 8 67 12 68 11 69 8 70 5 71 23 72 6 73 15 74 22 75 12 76 22 78 13 80 16 81 18 82 22 83 12 84 22 85 15 86 22 87 6 88 8 89 24 90 19 91 10 92 22 94 24 95 18 97 13 98 22
73 0 25 1 15 2 17 3 7 4 23 5 11 6 15 7 5 8 17 9 22 10 22 11 18 14 25 15 5 16 9 17 13 18 25 19 5 20 18 21 18 22 25 23 14 25 21 26 14 27 22 28 23 29 25 30 9 31 25 32 15 33 8 34 16 35 6 36 7 37 25 38 24 39 19 40 20 41 14 42 25 43 16 44 21 45 9 46 5 47 12 49 11 50 15 51 17 52 5 53 10 54 8 55 21 56 19 57 6 58 15 59 18 61 9 62 8 63 23 64 17 66 16 67 12 69 7 70 24 75 25 76 15 77 13 78 24 79 14 80 20 81 19 82 14 83 17 84 6 86 21 87 21 88 14 90 11 91 6 92 25 93 24 96 13 97 17 98 15 99 24
47 0 12 1 21 2 14 3 24 5 10 6 16 7 18 8 13 9 5 11 17 15 15 16 13 17 17 18 19 19 8 20 21 21 16 22 19 23 12 24 11 25 11 26 17 27 8 28 23 29 13 30 15 31 19 33 5 34 18 35 9 36 19 37 23 38 18 39 17 40 12 41 21 42 9 43 17 45 22 46 23 48 6 49 6 50 18 51 24 52 20 54 21 55 8 56 16 57 13 58 22 59 18 60 22 61 16 62 9 63 21 64 24 65 12 66 22 67 23 68 14 69 20 70 20 72 5 73 12 74 13 75 17 76 18 77 17 78 11 79 14 80 13 81 23 82 25 83 9 84 21 85 8 86 15 87 9 88 12 89 22 90 19 91 22 92 10 94 11 95 17 97 13 98 11 99 21
10 1 6 2 12 3 23 5 25 6 10 7 6 8 17 9 14 11 19 12 23 13 15 14 8 16 24 17 10 18 15 19 25 21 12 22 17 23 15 24 7 26 8 27 22 28 23 29 11 30 18 31 7 32 20 33 10 38 6 39 7 40 5 42 23 43 13 44 10 45 17 46 14 48 9 49 16 50 10 52 5 55 21 56 15 57 13 58 5 59 6 60 5 61 8 63 7 64 22 65 18 66 15 67 8 68 21 69 24 70 23 71 16 72 17 73 22 74 9 75 11 77 14 78 16 79 18 81 10 82 24 83 14 84 17 85 20 87 20 88 24 90 10 92 8 93 18 94 12 95 25 96 17 97 12 98 17 99 18
9 0 16 1 20 3 16 5 17 6 17 7 6 8 6 10 14 11 18 12 5 13 20 14 25 15 19 16 25 17 16 19 17 20 21 21 21 22 15 24 11 25 19 26 11 27 12 28 11 29 19 30 12 31 21 32 24 33 11 34 11 35 5 36 22 37 25 38 23 39 18 40 25 41 21 42 6 43 10 44 6 46 19 47 5 48 17 49 18 50 24 51 25 52 18 53 21 54 9 56 9 57 16 58 13 59 5 60 7 61 9 62 9 63 14 64 18 65 10 66 8 67 22 68 13 69 15 70 21 71 6 72 9 73 22 74 6 75 24 77 11 78 22 79 6 80 24 82 24 83 23 84 25 85 21 87 23 88 17 89 14 90 11 92 9 93 20 94 6 95 25 96 18 97 11 98 5 99 25
7 0 12 1 13 2 12 3 5 4 16 5 18 6 21 8 22 9 6 10 6 11 8 12 7 13 15 14 17 15 24 17 16 19 13 20 13 22 23 23 21 24 22 27 25 28 21 29 10 30 14 31 13 32 11 33 9 34 20 35 12 37 8 38 20 39 22 40 13 41 8 42 10 43 24 44 21 46 12 47 18 48 16 49 5 50 16 51 16 52 19 53 23 54 23 55 14 56 10 57 17 58 11 59 12 60 12 61 6 62 16 63 13 64 19 65 12 66 12 68 20 70 17 71 11 72 8 73 5 74 19 75 15 76 6 77 12 78 25 79 17 80 21 81 19 82 18 84 6 85 21 86 6 87 13 88 6 89 14 90 24 91 14 92 16 93 9 94 19 95 6 96 14 97 13 98 20 99 24
32 2 11 3 7 4 6 5 21 6 14 7 11 8 25 9 24 10 20 11 15 12 6 13 22 14 22 15 6 16 6 17 16 18 18 19 8 20 23 21 7 22 20 23 13 24 10 25 17 26 5 27 10 28 17 29 10 30 11 31 6 33 17 34 11 35 24 37 21 38 7 39 24 40 8 41 19 42 25 43 8 45 8 49 17 50 14 51 11 52 10 53 24 54 11 55 10 57 8 58 25 61 10 62 9 63 15 64 24 65 5 66 19 67 23 68 6 69 6 71 16 72 25 73 15 74 15 75 14 76 19 77 25 78 8 79 25 80 18 81 15 82 21 84 7 85 25 86 25 87 25 88 12 89 15 90 6 92 12 93 7 94 19 95 13 97 11 98 9 99 14
13 0 7 1 25 2 7 4 25 7 15 8 21 9 20 10 15 11 7 12 16 15 10 16 6 17 9 18 23 19 24 20 13 21 17 23 19 24 22 25 7 26 19 27 9 28 25 29 9 30 14 31 11 32 22 34 8 35 21 36 24 37 25 38 17 39 6 40 24 41 15 42 16 44 5 45 11 46 23 49 11 51 13 52 18 53 10 54 18 55 6 56 5 57 25 58 6 59 15 60 15 61 19 62 14 63 25 64 23 65 14 67 19 68 15 69 15 70 7 71 8 72 9 74 17 75 24 76 8 77 12 78 21 80 15 81 23 82 23 84 17 85 16 86 15 87 12 88 22 89 21 90 6 91 10 92 10 93 13 94 13 95 14 96 11 97 22 98 22 99 18
49 0 19 1 23 3 8 4 11 5 9 7 5 8 18 9 18 10 16 11 7 12 13 13 11 14 19 15 19 16 24 17 10 18 14 19 11 20 5 21 5 22 16 25 5 26 24 27 10 28 5 29 12 31 8 32 17 33 17 34 19 35 5 36 11 38 25 39 24 40 23 41 24 42 23 43 17 44 15 46 24 47 6 48 15 51 9 52 15 53 22 54 18 55 25 56 19 57 9 58 6 59 13 60 6 61 18 62 19 63 20 64 19 65 18 66 21 67 15 69 12 70 17 71 5 73 11 74 8 75 6 76 22 77 22 78 21 79 10 80 16 81 5 82 17 83 25 84 18 86 16 87 8 88 14 89 8 90 11 91 6 92 6 94 14 95 13 98 18 99 11
21 0 8 1 7 3 21 4 20 5 11 6 15 9 21 10 12 11 17 12 22 13 17 14 17 15 18 16 21 17 23 18 21 19 16 20 7 22 11 23 18 24 19 25 10 26 15 27 7 28 17 29 10 30 14 31 22 32 7 33 21 34 14 35 6 36 11 37 14 38 24 39 21 40 12 41 14 43 5 44 13 45 18 46 14 47 16 48 20 49 5 50 22 51 10 52 13 53 18 54 21 55 20 56 12 57 8 58 11 59 19 60 15 61 11 64 20 65 20 66 7 67 16 68 18 69 11 70 21 71 8 72 12 73 18 74 15 75 12 76 10 77 22 78 25 79 21 81 21 82 18 83 18 84 8 85 22 86 17 88 15 89 21 90 14 91 14 92 16 94 17 95 11 97 13 98 6 99 13
90 0 19 1 20 2 12 3 9 4 12 5 18 6 20 7 24 8 5 9 11 10 10 11 22 12 21 13 6 14 20 16 5 17 19 18 12 19 6 20 8 21 14 23 8 24 25 25 9 27 10 29 11 30 18 31 22 32 6 33 16 34 5 35 20 36 9 37 5 38 17 39 18 40 10 41 20 42 25 43 5 44 17 46 19 47 19 49 11 50 19 51 5 52 19 53 7 54 17 55 9 56 15 57 22 58 20 59 19 60 10 61 6 62 19 63 18 64 25 65 15 67 10 68 12 69 22 70 14 71 5 72 8 73 11 74 13 75 16 76 11 77 16 78 16 79 12 80 11 85 16 86 11 87 13 88 21 89 12 91 7 93 12 94 21 96 9 97 14 99 12
60 0 8 2 12 3 7 4 25 6 19 7 12 8 25 9 7 10 5 11 11 12 10 13 15 14 22 15 13 16 5 17 23 18 13 19 6 20 20 21 15 22 13 23 23 27 5 28 12 29 6 30 16 31 11 33 7 34 8 36 9 38 22 39 10 40 12 42 24 43 17 44 8 45 15 47 22 48 14 49 6 50 21 52 17 53 15 56 25 57 5 58 19 59 12 61 13 62 6 64 25 66 7 67 17 68 11 69 12 70 25 71 20 74 24 75 14 76 16 77 6 78 17 79 18 80 21 81 25 83 20 85 24 86 10 88 6 89 20 90 10 91 21 92 10 93 10 94 11 95 22 96 17 98 14 99 12
27 0 16 1 17 2 25 3 6 4 19 5 11 6 25 7 25 8 8 9 12 10 22 11 10 12 20 13 9 14 8 15 15 16 12 17 12 18 12 19 13 20 6 21 7 22 10 24 5 28 15 29 5 30 18 31 20 32 10 33 12 36 25 37 7 40 6 41 23 42 13 43 20 44 9 45 20 46 15 47 8 48 10 49 10 50 11 51 22 52 14 53 11 54 15 55 5 56 16 57 11 58 10 59 23 60 5 61 8 62 7 63 22 64 12 65 8 66 17 67 7 68 18 69 12 70 5 71 16 72 7 73 22 74 18 75 17 76 20 77 10 78 17 79 22 80 11 81 22 82 23 83 8 84 17 87 20 90 10 91 23 92 25 94 21 95 21 97 15 98 20 99 19
79 0 14 1 25 2 13 4 19 6 25 7 17 8 14 9 6 10 18 11 10 12 19 14 6 15 21 16 7 17 22 18 10 19 10 20 22 21 21 22 14 23 25 24 9 25 17 26 10 27 22 28 19 29 9 30 12 31 25 32 25 33 9 34 21 35 21 36 11 38 14 39 7 40 23 41 24 42 5 43 15 44 10 46 19 47 14 49 10 51 10 52 5 53 10 54 12 55 13 58 15 59 11 60 18 61 16 63 13 66 11 67 23 68 10 69 19 70 20 71 11 73 14 74 13 75 11 76 21 77 25 78 10 80 22 81 24 82 10 83 13 84 8 85 7 87 16 88 18 89 22 90 12 91 20 92 16 93 18 94 19 95 6 96 8 97 15 98 16 99 16
98 0 8 1 12 2 15 4 10 5 6 7 20 8 20 9 5 10 17 11 10 12 23 13 22 14 11 15 18 17 8 18 22 20 11 21 6 22 24 23 15 24 9 25 16 26 17 27 20 28 9 30 17 31 9 32 9 33 12 35 25 36 15 37 23 38 16 39 20 40 15 42 9 44 18 45 22 46 23 47 11 48 23 49 18 50 22 51 23 52 12 53 10 54 12 55 13 56 13 57 13 58 25 59 12 60 14 61 19 62 25 63 15 64 22 65 15 66 10 67 25 69 17 71 11 72 25 73 15 74 22 75 6 76 23 77 17 78 18 79 16 82 13 84 20 85 22 86 14 87 10 88 15 91 21 92 23 93 18 94 20 96 14 97 12 99 21
63 0 10 1 6 2 6 3 15 4 22 5 17 6 19 7 13 8 10 9 14 10 7 13 25 14 5 15 15 16 20 17 11 19 18 20 6 22 8 23 8 24 12 25 11 26 19 27 22 28 16 29 17 30 6 31 11 32 15 33 22 34 10 35 15 36 16 37 19 38 16 39 7 40 19 41 19 42 9 43 13 45 23 46 20 47 21 48 11 49 20 50 23 51 17 52 24 54 22 55 25 56 22 57 11 58 7 59 15 61 20 62 7 64 20 65 6 66 18 67 16 68 11 70 13 71 5 72 5 73 23 74 22 75 13 76 10 77 8 78 19 79 13 81 10 82 8 83 10 84 20 85 10 86 9 87 17 89 20 90 18 91 10 92 12 93 10 94 6 95 6 96 7 98 15
56 0 22 1 5 2 19 3 22 4 25 5 5 6 22 7 10 8 8 9 9 10 15 11 11 12 25 13 5 14 10 17 7 18 6 20 24 21 12 22 13 23 9 24 13 25 23 26 18 27 16 28 9 29 13 30 17 33 24 34 10 35 11 36 22 37 16 38 6 39 19 40 14 41 18 43 17 44 18 45 8 46 7 47 16 48 12 49 19 50 10 51 16 53 17 54 18 55 13 57 15 58 8 59 15 60 25 62 6 63 22 64 16 65 9 66 21 67 20 68 10 69 22 70 13 71 13 72 21 73 19 74 23 75 14 78 20 80 5 81 25 82 25 83 7 84 6 85 8 86 20 88 17 89 13 90 15 91 5 92 17 93 11 94 8 95 8 96 14 97 18 98 13 99 7
64 0 18 1 7 3 16 4 18 5 19 6 11 7 19 8 21 9 18 10 22 11 10 12 5 13 23 14 20 15 12 16 14 17 12 18 11 19 7 20 13 21 20 23 24 24 8 25 16 26 25 27 12 28 19 29 8 30 25 32 24 34 9 35 10 36 24 37 7 38 21 39 20 40 25 41 9 42 9 44 8 45 5 46 8 47 24 48 23 49 19 50 11 51 15 52 16 53 14 54 20 55 7 56 16 57 9 58 5 59 19 60 25 61 9 62 21 63 20 65 5 66 21 67 12 68 9 69 12 71 12 72 14 73 17 74 23 75 16 76 9 77 16 78 25 80 12 81 6 82 16 83 10 84 7 85 18 86 22 87 16 88 20 89 23 90 25 91 7 92 10 93 8 94 12 95 14 97 5 98 22 99 16
89 0 16 2 12 4 19 5 11 6 21 7 14 8 16 9 14 11 16 12 5 13 21 14 6 15 25 16 12 17 14 18 16 19 11 20 5 21 21 23 9 24 18 25 9 26 23 29 23 30 8 31 7 32 15 33 8 34 22 35 20 36 16 37 12 39 8 40 6 42 14 43 11 45 20 46 17 47 22 48 19 49 8 50 24 51 18 52 15 53 8 54 24 55 12 56 13 58 18 60 20 61 18 62 9 63 20 64 23 65 8 66 15 67 14 68 25 69 17 70 11 71 10 72 8 74 9 75 8 76 6 78 18 79 22 80 21 81 19 83 11 84 17 86 17 87 5 88 22 90 12 91 8 92 12 93 18 94 25 95 21 96 23 97 21 99 16
96 0 16 1 15 2 7 3 19 4 23 5 17 6 14 7 14 8 15 9 18 10 17 11 24 12 20 13 11 14 14 15 7 16 24 17 5 18 8 19 21 20 22 22 10 23 18 24 21 25 21 26 15 30 25 31 5 33 14 34 6 35 9 36 17 37 14 38 24 39 6 40 24 41 7 42 16 43 24 44 18 45 8 46 6 48 17 51 21 52 11 54 19 56 14 57 6 58 22 59 12 60 17 61 18 62 11 63 7 65 15 66 11 68 17 69 25 70 9 71 6 72 7 73 13 74 7 75 24 76 25 77 14 78 18 79 8 80 15 81 22 82 15 83 19 84 11 86 7 88 21 89 23 90 9 91 23 93 20 94 11 97 11 98 14 99 22
35 1 9 2 11 3 6 4 9 5 14 6 17 7 12 8 23 9 5 12 5 13 21 14 7 16 15 17 5 18 23 20 8 21 6 22 11 23 24 24 20 25 5 26 19 28 7 29 22 30 6 31 11 32 24 33 7 34 5 36 20 37 7 38 8 39 20 40 10 41 25 42 15 43 9 44 10 45 21 46 8 47 9 48 19 49 5 51 18 52 19 53 6 54 12 55 19 56 11 57 8 58 22 59 10 61 17 63 15 64 10 65 20 66 7 67 5 68 24 70 18 71 10 72 5 73 6 76 24 77 12 78 14 79 21 80 19 81 25 82 16 83 16 84 17 85 20 86 22 87 24 88 11 89 20 90 20 91 22 93 18 94 10 95 9 96 9 97 24 98 25 99 21
67 0 14 1 23 2 18 3 14 4 10 5 21 6 6 8 20 9 22 10 8 11 14 13 19 14 6 15 10 16 12 17 7 18 17 20 7 21 16 22 13 23 13 24 9 25 20 26 19 27 7 28 6 29 13 30 25 31 7 32 23 33 25 34 21 35 5 36 12 38 15 39 9 40 14 42 10 43 16 46 17 47 23 48 20 49 15 50 12 51 23 53 5 55 13 56 20 57 10 58 7 59 9 60 17 62 11 63 16 64 12 65 24 66 15 68 8 69 12 70 9 71 8 72 11 73 12 74 12 75 6 76 5 77 17 78 22 79 23 80 25 81 16 82 7 84 8 85 15 87 8 88 21 89 14 90 10 91 13 92 13 93 15 95 18 97 6 98 25 99 24
97 0 8 1 23 2 14 3 25 4 25 5 20 6 25 7 13 8 21 9 11 10 12 11 14 12 22 13 22 16 24 17 18 18 15 20 13 21 13 22 12 23 22 25 17 27 15 28 18 31 7 32 11 33 14 34 25 35 24 36 6 37 25 38 13 39 19 41 13 42 17 44 24 45 13 47 13 50 13 51 9 52 6 53 8 54 20 55 23 56 18 57 23 58 10 61 24 62 22 64 5 65 16 66 12 67 6 68 15 69 8 72 21 73 17 74 21 75 8 76 7 77 14 78 6 79 15 80 10 82 25 83 19 84 11 85 17 86 5 88 21 89 21 90 14 91 24 92 14 93 12 94 13 95 20 96 11 98 12 99 20
95 0 23 2 20 3 17 5 24 6 22 7 6 8 17 9 25 10 25 11 15 12 25 13 14 14 21 15 6 17 16 18 13 19 23 21 11 22 22 23 24 25 15 26 11 27 21 28 22 29 18 30 13 31 19 32 13 33 12 34 12 35 9 36 5 37 21 39 5 40 14 41 5 42 5 43 14 44 10 45 25 46 14 47 17 48 14 49 13 50 18 51 24 52 19 53 23 54 9 55 19 56 8 57 24 58 5 59 6 60 22 61 16 62 17 63 6 64 14 65 11 67 18 68 21 69 20 70 17 71 8 72 18 75 8 76 17 77 14 78 9 79 6 80 22 81 12 82 18 83 21 85 11 86 25 87 21 88 9 89 21 91 12 92 14 93 21 94 22 97 20 99 15
29 0 25 2 15 3 7 4 10 5 19 6 10 7 10 8 24 9 19 10 11 11 14 12 12 13 9 14 23 15 8 16 17 17 11 18 18 19 21 20 6 21 10 22 25 23 24 24 23 26 7 27 5 30 8 31 7 32 10 33 8 34 15 35 22 36 13 37 24 38 18 39 8 40 15 42 10 43 25 44 7 45 16 46 19 47 13 48 18 49 12 50 13 51 12 52 19 53 14 55 15 56 13 58 5 59 8 60 6 61 16 62 8 63 17 64 8 65 6 66 18 67 13 68 22 71 8 72 11 73 25 76 19 77 10 78 5 79 9 80 15 81 9 82 10 83 19 85 10 88 24 89 23 90 11 91 9 92 22 93 11 94 13 95 18
41 0 23 1 14 2 18 3 12 4 10 5 8 6 21 7 8 8 6 9 21 11 17 12 22 13 15 14 6 15 18 16 9 17 16 18 23 19 14 21 14 22 23 23 18 25 8 26 11 27 23 28 22 30 10 31 14 32 19 33 20 34 25 35 25 36 10 37 17 38 21 39 7 40 14 42 16 44 5 45 14 46 6 47 21 48 18 49 24 50 24 51 9 52 17 53 19 54 20 55 7 56 18 57 8 58 23 61 18 63 19 64 9 65 16 66 8 69 11 70 5 71 13 72 14 73 14 74 21 75 10 76 20 77 10 78 11 79 24 80 13 81 18 82 5 83 12 84 15 85 11 86 8 87 15 88 7 90 20 91 23 92 22 93 14 95 5 96 7 97 13 99 19
8 0 21 1 9 2 8 3 9 4 25 5 18 6 7 7 22 9 6 10 17 11 25 12 9 13 21 14 22 16 10 17 25 18 25 19 12 20 9 22 7 23 10 24 5 26 12 27 8 29 24 31 12 32 25 33 12 34 13 35 23 36 14 38 13 39 16 40 19 41 6 42 14 43 7 44 25 45 11 46 23 47 13 48 24 49 18 50 15 51 18 52 24 53 17 54 11 55 16 56 8 57 12 58 24 59 25 60 25 61 14 62 20 63 10 64 21 66 18 67 20 70 20 71 25 72 9 73 17 74 25 75 20 76 14 77 5 78 10 79 14 80 25 81 22 82 15 83 8 84 19 86 13 87 25 88 16 89 16 90 5 91 21 92 20 93 20 94 15 95 17 96 15 97 21 98 20 99 20
43 0 23 1 14 2 18 3 25 4 8 5 25 6 8 7 24 8 7 9 10 10 13 12 8 14 25 15 22 16 20 17 13 18 19 19 7 20 16 21 5 22 12 23 7 24 14 25 13 27 20 28 19 29 25 30 21 31 7 32 8 33 6 34 14 35 9 36 6 37 21 38 21 39 21 40 17 42 22 45 7 46 6 47 17 48 19 49 17 50 16 51 19 52 24 53 16 54 22 55 19 56 17 57 18 58 8 59 22 60 17 61 5 62 12 63 13 65 20 66 7 67 16 68 22 69 20 70 19 71 25 72 11 73 16 74 12 75 17 77 8 78 9 79 15 80 25 81 19 82 21 83 9 84 12 85 25 86 19 88 24 89 11 90 5 91 21 92 17 93 18 94 17 95 14 96 24
74 0 20 3 19 4 13 5 19 6 25 7 19 8 25 9 6 10 9 11 6 13 17 14 10 15 23 16 5 17 12 18 20 19 12 20 6 21 15 22 22 23 15 24 20 25 16 26 23 27 18 30 10 31 20 32 15 33 11 37 8 39 20 40 16 41 21 42 20 43 12 44 9 45 23 46 12 47 13 48 12 49 8 50 22 51 6 52 5 53 14 54 23 55 15 56 23 57 10 58 20 59 5 60 24 61 5 62 11 63 22 64 23 65 6 66 11 67 12 68 21 69 24 70 8 71 18 72 21 75 21 76 23 77 24 78 25 79 13 80 19 81 5 82 22 83 20 84 14 86 17 87 10 88 10 89 9 90 13 91 15 92 23 93 22 94 7 96 7 97 21 98 22 99 20
33 0 21 1 22 2 13 3 17 4 25 6 24 7 9 8 12 9 11 10 10 11 17 14 25 15 17 18 15 19 10 20 22 21 21 22 11 23 13 24 13 25 17 26 11 27 12 28 20 29 8 30 7 31 25 32 17 34 21 35 7 37 13 38 25 39 6 40 5 41 20 42 17 43 6 45 24 46 6 47 5 48 14 49 17 50 13 51 5 52 20 53 15 54 9 55 5 56 24 57 10 59 19 60 7 61 18 62 11 63 22 65 10 66 12 67 25 68 14 69 6 70 11 71 21 72 23 73 8 74 11 75 10 76 8 77 12 78 13 79 9 80 5 81 15 82 11 83 23 85 13 86 25 88 14 89 8 90 16 91 21 92 15 93 14 95 12 96 14 97 14 98 12 99 19
61 0 15 1 19 2 6 3 14 4 9 5 7 6 6 7 6 8 14 9 9 10 8 11 18 13 19 14 16 15 9 16 21 17 24 18 24 19 5 21 11 22 7 23 9 24 18 25 19 26 21 27 8 28 17 29 16 30 19 31 11 32 10 33 18 34 24 35 17 36 18 37 8 38 9 39 15 41 18 42 20 43 5 44 14 45 22 46 19 47 16 48 17 49 18 50 25 51 18 53 15 54 19 55 8 57 9 58 5 59 8 60 13 62 15 63 20 64 9 65 17 66 12 68 20 69 13 70 8 71 23 72 19 73 9 74 5 76 11 77 5 78 17 79 16 80 6 81 11 82 19 83 25 84 25 85 5 86 15 87 11 88 9 89 18 90 6 92 15 94 13 95 16 96 18 97 24 98 19
42 0 21 1 10 2 15 3 11 4 11 5 20 6 11 7 10 8 14 9 6 10 23 11 16 12 23 13 16 14 19 15 9 16 6 17 8 18 16 19 24 20 7 22 16 23 20 24 12 25 20 26 25 27 13 28 19 29 10 30 24 31 7 32 25 33 17 34 24 35 15 36 16 37 12 38 23 40 8 41 16 43 22 44 24 45 12 46 21 47 9 48 12 49 23 50 6 51 12 52 8 53 7 54 18 55 7 57 14 58 13 60 24 61 20 63 9 64 9 65 21 66 11 67 10 68 17 69 11 70 8 71 6 72 10 73 25 74 20 75 23 77 8 78 10 79 5 81 25 82 22 83 24 84 15 85 8 87 15 88 23 89 14 90 25 91 14 92 16 93 8 94 19 95 5 96 16 97 17 98 9 99 8
45 0 15 1 22 2 12 4 8 5 25 6 9 8 11 10 17 11 19 12 11 13 11 14 8 15 17 16 23 17 20 19 5 20 18 21 18 22 15 23 23 24 13 25 10 26 24 27 20 28 19 29 16 30 20 31 19 32 8 33 24 34 21 35 21 36 12 37 11 38 24 39 5 40 6 41 14 42 12 43 7 44 8 47 22 48 19 51 6 52 18 53 22 54 20 55 14 56 8 57 22 58 21 60 15 61 22 62 23 63 23 64 5 65 17 66 14 68 7 70 6 71 9 72 16 73 9 74 23 75 16 76 14 77 20 78 17 80 12 81 18 82 11 85 7 86 23 87 16 88 16 89 20 91 8 92 21 94 22 95 25 96 8 97 13 98 22 99 14
0 1 25 2 17 3 24 4 6 5 14 6 22 7 12 8 21 9 16 11 7 13 7 14 5 16 24 18 6 19 18 20 14 21 8 22 7 23 19 24 8 25 15 26 23 27 16 28 22 29 25 30 18 33 21 34 15 36 8 39 19 40 17 41 23 42 21 43 23 44 5 45 15 46 24 47 12 48 16 49 19 50 9 51 22 52 18 53 18 55 11 56 22 57 14 58 20 59 8 60 8 61 15 62 9 63 10 64 18 65 9 66 19 67 14 68 15 69 21 70 10 71 25 73 25 74 20 75 6 77 18 78 7 79 14 80 19 83 16 84 13 85 25 86 13 87 17 88 11 89 16 90 19 92 16 93 22 94 14 95 23 96 16 97 8 98 8 99 24
36 0 8 1 10 2 9 3 18 4 9 5 10 6 14 8 14 9 22 11 9 12 10 13 24 14 8 15 10 17 20 18 22 20 14 21 11 22 15 23 7 24 10 25 19 26 15 27 25 28 13 29 13 31 8 34 21 35 20 37 6 38 9 39 10 40 5 41 10 42 16 43 6 45 12 46 7 47 19 48 23 49 11 50 9 51 19 52 12 53 22 54 22 55 5 56 22 57 22 58 7 59 13 60 9 61 18 62 15 63 16 64 24 65 15 66 21 67 12 68 17 70 18 71 19 72 6 73 7 75 19 76 16 78 7 79 11 80 10 81 10 82 12 83 5 84 7 85 14 86 5 87 20 88 15 89 16 90 9 92 25 93 7 94 6 95 5 96 17 97 6 98 15
18 0 6 1 12 2 24 3 24 4 9 5 18 6 13 8 25 10 15 11 22 12 17 13 23 14 12 16 11 17 21 19 23 20 6 21 21 22 12 23 12 24 23 25 12 26 13 27 12 28 7 29 18 32 18 33 15 34 11 35 23 36 22 37 16 38 20 40 22 41 23 42 16 43 19 44 21 46 25 47 19 48 24 49 14 50 21 51 11 52 11 54 8 55 7 56 6 57 18 58 13 59 20 60 13 61 24 62 10 64 11 65 5 66 15 67 17 68 13 69 20 71 7 72 15 73 25 74 20 75 16 76 24 79 10 80 20 81 6 82 12 83 20 84 21 85 11 87 15 89 16 90 12 91 10 92 23 93 6 94 12 95 13 96 8 97 15 98 22 99 19
17 1 17 2 21 4 18 5 22 6 25 7 16 8 25 9 16 10 10 11 14 12 8 13 9 14 23 15 21 16 18 18 21 19 6 20 13 21 23 22 23 23 12 25 25 26 24 27 12 28 5 29 11 30 12 31 7 32 16 34 20 35 5 36 20 37 18 38 10 39 21 40 21 41 16 42 8 43 13 44 19 45 20 46 9 47 17 48 5 49 10 50 16 51 17 52 15 53 12 54 6 55 17 56 7 57 14 58 6 59 21 60 23 61 24 62 8 63 11 64 12 65 13 67 7 68 6 70 20 71 6 72 21 73 13 74 12 75 21 77 21 78 8 79 22 80 24 81 12 82 16 83 15 84 24 85 9 86 12 87 18 88 13 89 14 90 19 91 13 92 15 93 20 95 16 96 5 97 18 98 8
2 0 17 1 23 3 8 4 17 5 16 6 8 7 12 8 8 10 12 11 22 13 7 14 5 15 24 17 21 18 24 19 23 20 17 22 9 23 7 24 7 25 5 27 25 28 18 29 15 30 13 31 15 32 11 33 13 34 5 35 11 36 9 38 9 40 14 41 18 42 15 43 18 44 16 45 12 46 22 47 14 48 12 50 6 51 12 54 18 55 20 56 19 57 20 59 14 60 12 61 6 63 6 65 16 66 23 67 18 68 8 69 5 70 9 71 10 72 24 73 17 75 20 76 22 77 10 78 13 79 13 80 22 81 8 82 16 83 16 84 18 85 18 86 15 87 21 88 21 89 12 90 12 91 7 92 22 93 10 94 20 95 20 96 7 97 14 98 15
72 1 21 2 24 5 6 6 20 7 8 8 9 9 9 10 17 11 7 12 7 13 9 14 13 15 25 16 19 17 21 18 15 19 8 20 8 21 12 22 25 23 19 24 12 27 7 29 11 31 13 32 25 33 23 35 5 36 6 37 25 38 19 39 9 40 24 41 14 42 10 43 11 44 23 45 16 46 15 47 5 48 9 50 6 51 8 52 23 54 21 55 21 56 21 57 5 58 12 59 7 61 19 62 20 63 5 64 14 65 15 66 15 67 11 68 17 69 17 70 16 71 17 74 21 75 19 76 18 77 8 78 9 80 5 81 25 82 21 83 24 84 15 85 19 86 23 87 11 88 14 89 8 90 8 91 7 92 12 93 16 94 10 95 18 96 7 97 21 98 25 99 9
46 0 24 1 7 2 22 3 22 4 22 5 22 6 24 7 12 8 23 9 19 10 14 11 6 12 18 13 23 14 6 15 18 16 9 17 9 18 25 19 13 20 6 21 14 22 20 24 15 25 18 26 19 27 15 28 11 29 19 31 9 33 6 34 10 35 8 36 7 37 14 38 24 39 13 40 18 41 6 42 21 43 6 44 11 47 23 48 25 49 24 50 14 52 19 53 23 54 21 55 15 56 7 57 22 61 19 62 25 63 20 64 8 65 8 66 13 67 17 68 25 69 6 70 6 72 15 73 5 74 12 75 8 76 23 77 5 78 18 79 19 81 8 82 11 83 11 84 17 85 5 86 22 87 9 88 11 89 17 90 19 91 22 92 21 93 5 94 20 95 14 96 6 98 23 99 19
28 0 22 2 18 3 5 4 15 5 23 6 21 7 21 9 11 10 23 11 21 12 21 13 25 14 14 15 18 16 12 17 5 18 7 20 11 21 17 22 11 23 9 24 9 25 17 26 8 27 15 30 20 31 8 32 17 33 20 34 8 35 7 36 13 37 24 39 17 40 25 41 22 42 19 43 19 44 11 45 19 46 11 47 23 48 5 49 5 50 17 51 23 53 19 54 18 55 14 56 9 57 15 58 18 59 5 60 12 61 17 62 5 63 16 64 19 66 17 67 6 68 10 69 8 70 15 73 23 75 25 76 17 78 13 79 19 80 20 81 20 82 22 83 23 84 19 85 22 86 25 87 23 88 21 91 23 92 21 93 17 94 12 95 22 97 18 98 9
16 0 24 1 19 3 14 4 12 6 25 8 10 9 25 10 24 11 23 12 23 13 6 14 20 15 24 17 18 18 11 19 20 20 19 21 21 22 12 23 5 24 24 25 14 26 6 27 12 28 12 29 17 30 10 31 21 32 6 34 19 35 15 37 23 38 7 39 15 41 9 42 6 43 20 45 23 46 9 47 13 48 9 49 24 51 17 52 21 53 12 54 18 55 13 57 14 58 11 60 5 61 21 62 24 63 20 64 14 65 21 67 12 68 19 69 15 70 5 71 18 72 19 73 9 74 5 75 10 76 11 77 24 78 13 79 7 80 12 81 11 82 22 83 16 84 21 85 19 86 16 87 5 88 7 89 12 90 5 92 16 93 6 96 24 97 24 99 20
12 1 24 3 10 4 7 5 14 6 9 7 7 8 9 9 5 10 23 11 25 13 16 14 6 15 15 16 23 17 8 18 17 19 14 20 19 21 22 22 10 23 12 24 9 25 16 26 5 27 20 28 21 29 12 30 13 31 15 32 6 34 15 35 5 36 10 37 14 38 22 39 23 40 9 41 22 42 23 43 8 44 15 45 11 46 18 48 22 49 13 50 24 51 12 52 23 53 16 54 12 55 7 56 25 57 9 58 5 59 5 60 10 62 7 64 5 65 24 66 10 70 12 71 14 72 7 75 19 76 25 77 17 78 13 79 19 80 16 81 22 82 9 83 20 84 23 85 20 86 10 88 9 89 5 90 21 91 21 92 20 93 20 95 25 96 20 97 22 98 23 99 8
71 0 25 2 10 3 7 4 13 5 25 7 11 8 25 9 6 10 16 11 21 12 14 13 8 14 15 15 17 16 18 17 6 18 7 20 5 21 8 22 10 23 13 24 15 25 17 27 16 29 8 30 17 31 9 32 16 33 21 34 14 35 10 36 19 38 12 39 20 40 5 41 13 42 6 43 25 44 18 45 9 48 19 49 5 50 23 51 7 52 7 54 18 55 21 56 13 57 13 58 5 59 16 60 20 61 23 62 6 63 5 64 12 65 17 67 8 68 19 69 8 70 8 72 17 74 18 75 19 76 22 77 7 78 11 79 11 80 21 81 17 82 21 83 15 84 20 85 20 86 7 87 14 88 20 89 10 90 5 91 21 92 11 93 20 94 10 95 8 96 6 98 11 99 5
39 0 19 1 10 3 12 4 22 5 12 6 10 7 22 8 16 9 18 10 7 11 25 12 23 13 6 15 23 16 15 17 21 19 6 20 11 21 21 22 7 23 10 24 20 26 12 28 17 29 8 30 22 31 7 32 24 33 6 34 9 35 20 36 10 37 18 38 19 40 23 41 7 43 21 44 5 45 5 46 13 47 17 48 12 49 24 51 25 52 14 53 25 55 9 56 19 57 10 58 6 59 11 60 10 61 15 62 25 63 7 64 20 65 10 66 5 67 9 68 7 69 6 70 12 71 20 72 9 73 19 74 20 75 7 76 25 77 12 79 7 81 11 82 13 85 21 86 8 87 8 88 15 89 8 90 18 91 8 92 20 93 8 94 13 95 5 96 6 97 19 98 20
55 0 11 2 20 3 6 4 16 5 9 6 25 7 14 8 16 10 21 11 17 12 7 13 6 14 5 15 11 16 13 17 17 18 7 19 18 20 25 21 20 23 15 24 22 25 10 26 12 27 5 28 14 29 15 30 6 31 19 32 10 33 5 34 24 35 19 36 5 37 24 38 20 39 9 40 7 41 7 42 7 43 19 44 22 45 14 46 15 47 8 48 12 49 25 50 12 51 15 52 15 56 13 57 14 59 15 61 8 62 21 63 25 64 7 65 18 66 18 67 13 68 20 69 20 71 21 72 21 73 21 74 15 75 11 76 13 77 23 78 25 79 13 81 10 82 17 84 11 85 24 86 16 88 25 89 12 90 9 91 14 92 16 94 23 95 19 97 23 98 13 99 5
70 0 10 1 7 2 9 3 7 4 20 5 7 7 17 8 20 9 21 10 23 11 23 12 12 13 7 14 6 15 7 16 5 17 20 20 10 21 21 22 6 23 18 24 20 25 13 26 7 27 5 28 15 31 11 33 11 34 11 35 18 36 18 37 8 38 6 39 12 40 17 41 5 42 8 43 19 44 5 45 6 46 6 47 20 48 18 49 17 50 5 51 11 52 17 53 12 54 25 56 13 57 14 58 13 59 19 60 25 61 8 63 13 66 8 67 9 68 16 69 23 71 8 72 16 73 24 74 8 76 17 77 20 78 22 79 20 80 6 81 17 82 24 83 6 84 21 85 24 86 5 89 11 90 14 91 5 92 5 93 5 94 21 95 17 96 9 99 7
80 0 19 2 22 3 6 4 11 5 15 6 15 7 21 8 25 9 24 12 16 13 15 14 17 15 25 16 12 17 24 18 20 19 20 20 12 22 18 23 14 24 8 25 16 26 15 27 11 28 20 29 15 30 12 31 6 32 18 33 5 34 16 35 19 36 10 37 25 38 17 40 24 41 13 43 25 44 24 45 12 47 13 48 25 49 16 50 16 51 7 52 19 53 15 54 9 56 5 57 14 59 24 60 21 61 6 62 22 64 12 65 18 66 16 67 25 68 10 69 25 70 6 71 21 72 5 73 20 74 19 75 12 76 6 77 11 78 24 79 22 81 11 82 11 83 11 84 9 85 17 86 15 87 7 88 9 89 21 90 11 91 21 92 20 93 9 95 22 96 15 97 10 99 8
62 0 9 1 22 3 9 4 21 5 8 6 13 7 16 8 20 9 9 12 7 13 14 14 15 15 11 16 24 17 8 18 10 19 22 20 5 23 22 24 11 25 5 26 20 27 7 28 5 29 8 30 9 31 14 32 9 33 11 34 15 36 15 38 14 39 25 43 12 44 16 45 23 46 25 47 9 48 13 49 19 50 18 51 11 52 9 53 11 54 8 55 21 56 6 57 11 58 12 59 5 60 6 61 15 63 7 64 21 65 18 66 16 67 11 68 22 69 6 71 6 72 20 73 8 74 11 76 7 77 8 78 14 80 22 81 24 82 7 83 17 84 20 85 18 86 24 87 12 88 23 89 9 90 19 91 7 92 10 94 12 95 17 96 11 97 22 98 25 99 6
1 0 25 2 23 3 22 5 17 6 11 7 13 8 9 9 20 10 6 11 6 12 24 13 25 14 13 15 7 16 19 17 17 18 12 19 24 20 11 21 7 22 17 23 5 24 5 26 7 27 17 30 18 31 15 33 22 34 11 35 9 36 10 37 12 39 10 40 13 41 14 42 10 43 14 45 22 46 7 47 21 49 23 50 12 51 6 52 10 53 11 54 6 56 5 57 19 58 19 59 14 61 19 62 22 63 6 64 7 65 23 67 23 68 18 69 6 70 7 72 21 73 15 75 22 76 15 77 14 78 14 79 25 81 20 82 20 83 11 84 23 86 19 87 11 88 14 90 20 91 6 93 21 94 5 96 15 97 23 98 12 99 14
5 0 14 1 17 2 16 3 5 4 22 6 12 7 18 8 18 9 17 10 25 11 20 12 14 15 23 17 22 18 18 19 21 20 14 21 11 22 10 23 7 24 13 26 10 27 11 28 23 29 19 30 8 31 21 32 21 34 7 35 14 36 10 37 19 39 12 40 20 41 8 42 20 43 25 44 17 45 25 46 22 47 10 48 10 49 9 50 13 51 10 53 15 54 6 55 9 56 5 57 23 58 6 59 19 61 7 62 8 63 17 64 19 65 18 66 23 67 21 69 16 70 7 71 25 72 6 73 11 74 19 75 25 76 18 77 21 78 25 80 15 81 16 83 7 84 9 85 23 86 6 87 14 89 11 90 18 91 9 92 18 93 18 95 24 96 17 97 20 98 6 99 13
30 0 18 1 18 2 13 3 19 4 17 5 8 6 14 7 14 9 12 10 18 11 20 12 13 13 14 14 22 15 8 16 10 17 12 20 13 21 14 24 25 26 12 27 18 28 20 29 8 31 13 32 11 33 7 34 7 35 6 38 9 39 22 40 5 41 10 42 24 43 21 44 24 45 20 47 15 48 22 50 5 51 10 52 24 53 14 54 13 55 6 56 17 57 24 58 21 59 12 60 16 61 19 62 9 63 6 64 25 65 21 66 14 67 25 68 10 69 7 71 17 73 9 74 10 76 8 77 8 78 9 79 12 80 12 81 19 82 8 84 18 85 9 86 22 87 25 88 5 89 8 90 18 91 22 93 8 94 10 95 13 96 25 98 17 99 11
19 0 18 1 24 2 23 3 23 4 13 5 21 6 21 7 13 8 12 9 17 10 25 11 8 12 14 13 24 14 22 15 25 16 20 17 6 18 23 20 21 21 16 22 14 23 6 25 9 27 13 29 21 31 12 32 8 33 10 34 21 38 14 39 6 41 14 42 24 43 7 44 23 45 5 46 13 47 8 48 20 49 11 50 7 51 9 52 21 53 18 54 9 55 18 57 23 58 22 59 17 60 6 61 5 62 22 63 18 64 7 65 15 66 12 68 15 69 24 72 8 73 5 74 12 75 11 76 23 79 10 80 20 81 14 82 5 84 14 85 6 86 23 87 22 88 22 89 11 90 6 91 19 92 7 95 23 96 21 99 15
84 0 13 1 23 2 18 3 20 4 19 5 9 6 24 7 6 8 19 9 25 10 17 11 15 12 23 13 17 15 20 16 21 17 24 18 21 19 14 20 8 21 8 22 12 23 11 25 17 27 17 28 19 30 18 31 25 32 7 34 7 35 17 36 7 37 24 38 6 41 15 42 15 43 12 44 10 46 17 47 21 49 18 50 22 51 23 52 15 53 13 54 25 55 11 56 6 57 8 58 7 59 21 61 25 62 20 63 20 64 7 66 12 67 8 68 11 69 24 70 21 71 20 72 15 73 6 74 14 75 24 76 23 77 8 78 6 79 8 80 9 82 5 83 18 85 24 87 19 88 5 89 17 91 7 92 25 93 16 94 16 96 11 97 11 98 20 99 7
