100
46 16 14 48 23
32 4 7 56 8 75 6
60 9 22 12 9 86 8
14 16 22 42 21 57 20 77 10
8 4 23 20 18 95 24 96 16
71 33 24 45 13
6 36 6 65 6 69 23
64 40 16 58 10
86 19 11 60 8
15 10 8 42 25 50 13 85 20 95 14
85 15 20 21 20 61 9
66 54 14 73 10 83 10
31 16 16 17 23 70 25
74 27 21 52 10 81 5
54 29 20 66 14 73 15
62 25 14 43 10 78 6
21 85 20 90 25
68 24 5 30 17 67 20
43 11 25 12 5 55 24 57 6 62 10
40 50 17 64 16 69 18 80 24 87 11 88 25
44 24 17 53 10 93 18
67 23 17 35 17 68 20
90 21 25 33 10 88 14
51 2 23 41 11 93 14
16 0 14 14 22 31 16 46 14 58 18 97 25 98 22
91 20 25 87 13
0 16 14 42 21 79 5
57 11 7 14 20 43 6
88 4 25 30 16 40 25 90 14
56 29 7 32 8 49 15
29 45 20 54 20 55 16 56 7 83 22
45 29 20 70 22 71 13 83 8
63 25 21 55 11
19 79 15 86 11
36 6 6 11 11 27 18 37 9
87 40 11 91 13
3 12 19 65 13 84 18
37 36 9 83 7 89 7
82 1 11 59 12
47 9 7 13 8 52 16
25 18 11 49 18 62 14 63 21
2 33 23 49 18 51 23 78 5
81 4 9 74 5
65 3 13 6 6 17 5
39 4 21 34 14 48 5
30 68 17 69 8 76 20 88 16
27 9 16 12 11 36 18 74 21 98 21
93 28 14 44 18 51 14
95 8 24 15 14 75 11
94 11 21 33 7 59 10
9 27 16 47 7 60 22
20 8 18 91 25
92 18 22 22 7 55 18
80 40 24 41 5
59 82 12 84 5 94 10
34 38 23 39 14 84 23
89 23 12 37 7
73 11 13 54 15 66 10 99 18
53 4 24 44 10
42 0 21 14 21 15 25
41 33 19 51 11 80 5
23 50 10 67 17 89 12
72 1 25 5 17
48 39 5 46 23
11 36 11 43 25 57 7 73 13 94 21
4 8 23 32 7 39 21 53 24 81 9 88 25
38 17 15 34 23
7 5 13 78 23
1 72 25 76 23 82 11
76 1 23 30 20
75 32 6 95 11
17 10 23 31 23 38 15 65 5 77 8
70 31 25 45 22
26 58 5 98 23
97 16 25 96 12
24 44 17 49 15 68 5
79 0 5 12 24 19 15
77 14 10 17 8
13 47 8 84 23
35 61 11 67 17
84 3 18 13 23 34 23 59 5
22 5 21 92 7
28 52 9 93 14
12 3 19 27 11 43 5 60 9 79 24
18 25 11 92 22
52 28 9 47 16 74 10 99 11
58 16 18 26 5 64 10
49 2 18 24 15 25 18 56 15
69 6 23 30 8 40 18
83 29 22 37 7 45 8 66 10
99 52 11 73 18 96 19
50 15 13 23 10 40 17
55 29 16 43 24 63 11 92 18
33 2 23 41 19 71 24 90 10 94 7
96 8 16 97 12 99 19
98 16 22 26 23 27 21
5 7 13 22 21 61 18 72 17
10 15 8 17 23
61 5 18 35 11 85 9
78 2 5 7 23 62 6
